Rk,Player,Age,Team,Pos,G,GS,MP,FG,FGA,FG%,3P,3PA,3P%,2P,2PA,2P%,eFG%,FT,FTA,FT%,ORB,DRB,TRB,AST,STL,BLK,TOV,PF,PTS,Awards,Player-additional
1,James Harden,25,HOU,SG,81,81,2981,7.8,17.8,.440,2.5,6.7,.375,5.3,11.0,.480,.511,8.6,10.0,.868,0.9,4.6,5.5,6.8,1.9,0.7,3.9,2.5,26.8,MVP-2ASNBA1,hardeja01
2,Andrew Wiggins,19,MIN,SF,82,82,2969,6.0,13.8,.437,0.5,1.5,.310,5.6,12.3,.453,.454,4.3,5.7,.760,1.6,2.9,4.5,2.1,1.0,0.6,2.1,2.3,16.8,ROY-1,wiggian01
3,Trevor Ariza,29,HOU,SF,82,82,2930,4.5,11.2,.402,2.4,6.8,.350,2.1,4.4,.485,.509,1.5,1.8,.853,0.9,4.7,5.6,2.6,1.9,0.2,1.7,2.3,12.9,DPOY-13,arizatr01
4,Damian Lillard,24,POR,PG,82,82,2925,7.3,16.7,.434,2.4,7.0,.343,4.8,9.7,.500,.506,4.2,4.9,.864,0.6,4.0,4.7,6.2,1.2,0.3,2.7,2.0,21.2,AS,lillada01
5,Chris Paul,29,LAC,PG,82,82,2857,7.2,14.7,.485,1.8,4.4,.398,5.4,10.3,.523,.545,3.6,4.0,.900,0.7,4.1,4.7,10.6,2.0,0.2,2.4,2.6,19.7,MVP-6DPOY-15ASNBA2DEF1,paulch01
6,John Wall,24,WAS,PG,79,79,2837,6.6,14.8,.445,0.8,2.8,.300,5.8,12.0,.478,.473,3.6,4.6,.785,0.5,4.2,4.6,10.1,1.8,0.6,3.9,2.3,17.6,ASDEF2,walljo01
7,DeAndre Jordan,26,LAC,C,82,82,2820,4.8,6.8,.710,0.0,0.1,.250,4.8,6.8,.713,.711,2.4,6.0,.397,5.1,10.6,15.7,0.8,1.0,2.3,1.4,3.1,12.1,DPOY-3NBA3DEF1,jordade01
8,Eric Bledsoe,25,PHO,PG,81,81,2800,6.0,13.4,.447,1.1,3.5,.324,4.9,10.0,.491,.489,4.5,5.7,.800,0.9,4.5,5.4,6.3,1.6,0.6,3.5,2.4,17.7,,bledser01
9,Joe Johnson,33,BRK,SG,80,80,2791,5.8,13.2,.435,1.6,4.3,.359,4.2,8.9,.472,.494,1.8,2.3,.801,0.7,4.3,5.0,3.8,0.8,0.2,1.8,1.5,14.9,,johnsjo02
10,Kyrie Irving,22,CLE,PG,75,75,2730,7.6,16.3,.468,2.1,5.0,.415,5.6,11.3,.491,.532,4.2,4.8,.863,0.7,2.4,3.1,5.1,1.5,0.3,2.5,1.9,21.5,ASNBA3,irvinky01
11,Monta Ellis,29,DAL,SG,80,80,2699,8.0,18.1,.445,1.1,3.8,.285,6.9,14.3,.487,.475,3.0,4.0,.752,0.5,2.1,2.5,4.4,2.0,0.3,2.6,2.6,20.2,,ellismo01
12,Tyreke Evans,25,NOP,SG,79,76,2690,7.0,15.6,.447,0.9,3.0,.304,6.0,12.6,.482,.477,2.7,3.9,.694,1.1,4.5,5.6,7.0,1.3,0.5,3.3,2.6,17.6,,evansty01
13,Marc Gasol,30,MEM,C,81,81,2687,7.1,14.4,.494,0.0,0.2,.176,7.1,14.1,.500,.496,4.7,5.9,.795,1.5,6.9,8.4,4.1,0.9,1.8,2.4,2.8,18.9,MVP-8DPOY-10ASNBA1,gasolma01
14,Pau Gasol,34,CHI,PF,78,78,2681,7.7,15.5,.494,0.2,0.3,.462,7.5,15.1,.495,.500,3.9,4.9,.803,3.0,9.4,12.3,2.8,0.3,2.0,2.1,2.0,19.4,ASNBA2,gasolpa01
15,Ben McLemore,21,SAC,SG,82,82,2670,4.9,11.2,.437,1.9,5.3,.358,3.0,5.9,.507,.521,1.8,2.2,.813,0.4,2.8,3.2,1.9,1.0,0.3,1.9,3.0,13.4,,mclembe01
16,Ty Lawson,27,DEN,PG,75,75,2665,5.5,12.5,.436,0.9,2.8,.341,4.5,9.7,.463,.474,3.6,4.9,.730,0.6,2.6,3.2,9.7,1.2,0.1,2.5,1.7,15.4,,lawsoty01
17,Goran Dragić,28,2TM,PG,78,78,2640,6.8,13.7,.501,1.2,3.5,.347,5.6,10.1,.555,.546,2.5,3.2,.774,1.1,2.6,3.7,4.8,1.1,0.2,2.4,2.7,17.4,,dragigo01
17,Goran Dragić,28,PHO,SG,52,52,1735,7.1,14.1,.501,1.4,3.9,.355,5.7,10.2,.556,.549,2.0,2.7,.746,1.1,2.8,3.8,4.4,1.0,0.2,2.4,2.5,17.5,,dragigo01
17,Goran Dragić,28,MIA,PG,26,26,905,6.4,12.8,.502,1.0,2.9,.329,5.5,9.9,.552,.539,3.3,4.1,.808,1.2,2.3,3.5,5.5,1.1,0.2,2.3,3.0,17.2,,dragigo01
18,Gordon Hayward,24,UTA,SF,76,76,2618,6.7,14.9,.445,1.7,4.5,.364,5.0,10.4,.481,.500,5.2,6.4,.812,0.7,4.4,5.1,4.3,1.5,0.4,2.8,1.8,20.1,,haywago01
19,Stephen Curry,26,GSW,PG,80,80,2613,9.0,18.5,.487,3.9,8.9,.443,5.1,9.6,.528,.594,4.2,4.6,.914,0.8,3.9,4.7,8.5,2.2,0.2,3.4,2.2,26.2,MVP-1ASNBA1,curryst01
20,Kentavious Caldwell-Pope,21,DET,SG,82,82,2587,5.4,13.5,.401,2.1,6.2,.345,3.3,7.3,.449,.480,1.5,2.2,.696,0.6,2.9,3.5,1.5,1.3,0.3,1.3,2.2,14.5,,caldwke01
21,Markieff Morris,25,PHO,PF,82,82,2581,7.1,15.3,.465,0.8,2.5,.318,6.3,12.8,.494,.491,2.5,3.2,.763,1.5,5.5,7.1,2.7,1.4,0.5,2.4,3.4,17.5,,morrima02
22,Victor Oladipo,22,ORL,SG,72,71,2573,6.6,15.2,.436,1.2,3.5,.339,5.4,11.7,.464,.474,3.7,4.5,.819,0.7,3.5,4.2,4.1,1.7,0.3,2.9,2.6,18.1,,oladivi01
23,Giannis Antetokounmpo,20,MIL,SG,81,71,2541,5.4,11.1,.491,0.1,0.6,.159,5.3,10.4,.511,.496,3.6,4.9,.741,1.4,6.3,7.7,2.9,1.0,1.2,2.5,3.6,14.6,,antetgi01
24,Kevin Love,26,CLE,PF,75,75,2532,5.9,13.5,.434,2.0,5.6,.367,3.8,8.0,.480,.509,3.7,4.6,.804,2.0,8.4,10.4,2.4,0.7,0.6,1.7,2.0,17.5,,loveke01
25,Nikola Vučević,24,ORL,C,74,74,2529,9.0,17.2,.523,0.0,0.1,.333,9.0,17.1,.524,.524,2.3,3.1,.752,3.4,8.1,11.5,2.1,0.8,0.8,2.1,3.1,20.3,,vucevni01
26,Jimmy Butler,25,CHI,SG,65,65,2513,6.0,13.1,.462,1.0,2.8,.378,5.0,10.3,.484,.502,5.5,6.6,.834,1.6,3.8,5.4,3.0,1.6,0.5,1.3,1.5,18.6,DPOY-10MIP-1ASDEF2,butleji01
27,LaMarcus Aldridge,29,POR,PF,71,71,2512,9.4,20.3,.466,0.5,1.5,.352,8.9,18.8,.475,.479,4.4,5.2,.845,2.5,7.9,10.4,1.8,0.7,1.0,1.7,1.8,23.8,MVP-7ASNBA2,aldrila01
28,Andre Drummond,21,DET,C,82,82,2502,7.1,13.8,.514,0.0,0.0,.000,7.1,13.8,.515,.514,2.0,5.3,.389,6.3,9.6,15.9,0.8,1.1,2.2,1.7,4.1,16.3,,drumman01
29,Arron Afflalo,29,2TM,SG,78,72,2502,5.4,12.7,.424,1.7,4.8,.354,3.7,7.9,.466,.491,2.4,2.8,.843,0.4,3.2,3.6,1.9,0.6,0.1,1.7,2.4,14.9,,afflaar01
29,Arron Afflalo,29,DEN,SG,53,53,1750,5.8,13.5,.428,1.7,5.0,.337,4.1,8.5,.481,.490,2.6,3.1,.841,0.4,3.3,3.7,2.1,0.7,0.1,1.7,2.2,15.9,,afflaar01
29,Arron Afflalo,29,POR,SG,25,19,752,4.5,10.9,.414,1.7,4.3,.400,2.8,6.6,.423,.493,1.9,2.3,.851,0.3,2.9,3.2,1.3,0.4,0.1,1.6,2.8,12.6,,afflaar01
30,LeBron James,30,CLE,SF,69,69,2493,9.0,18.5,.488,1.7,4.9,.354,7.3,13.6,.536,.535,5.4,7.6,.710,0.7,5.3,6.0,7.4,1.6,0.7,3.9,1.9,25.2,MVP-3DPOY-13ASNBA1,jamesle01
31,Draymond Green,24,GSW,PF,79,79,2490,4.9,11.1,.443,1.6,4.8,.337,3.3,6.3,.523,.516,1.9,2.9,.660,1.6,7.7,9.4,4.2,1.8,1.4,1.9,3.7,13.3,DPOY-2DEF1,greendr01
32,Elfrid Payton,20,ORL,PG,82,63,2489,4.4,10.2,.425,0.2,0.6,.262,4.2,9.6,.435,.433,1.7,3.1,.551,1.5,3.5,5.0,7.7,2.1,0.3,2.9,2.8,10.6,ROY-4,paytoel01
33,Wilson Chandler,27,DEN,SF,78,75,2471,6.1,14.2,.429,2.0,5.9,.342,4.1,8.3,.490,.500,1.6,2.1,.775,1.4,5.5,6.9,2.0,0.8,0.4,1.6,3.4,15.8,,chandwi01
34,Klay Thompson,24,GSW,SG,77,77,2455,8.8,19.0,.463,3.5,8.0,.439,5.3,11.1,.481,.555,3.3,3.8,.879,0.4,3.2,3.6,3.3,1.3,0.9,2.2,1.8,24.5,MVP-10ASNBA3,thompkl01
35,Anthony Davis,21,NOP,PF,68,68,2455,9.4,17.6,.535,0.0,0.2,.083,9.4,17.4,.540,.536,5.4,6.8,.805,2.5,7.7,10.2,2.2,1.5,2.9,1.4,2.1,24.3,MVP-5DPOY-4ASNBA1DEF2,davisan02
36,Jeff Green,28,2TM,SF,78,70,2454,6.1,14.2,.430,1.4,4.3,.332,4.7,9.9,.473,.480,3.5,4.2,.833,0.9,3.9,4.8,2.0,0.8,0.5,1.6,2.2,17.1,,greenje02
36,Jeff Green,28,BOS,SF,33,33,1093,6.8,15.6,.434,1.5,5.1,.305,5.2,10.6,.495,.483,4.0,4.7,.840,0.7,4.0,4.6,1.7,0.9,0.4,1.8,2.2,19.1,,greenje02
36,Jeff Green,28,MEM,SF,45,37,1361,5.6,13.0,.427,1.3,3.7,.362,4.2,9.4,.452,.478,3.1,3.8,.825,1.1,3.8,4.9,2.1,0.7,0.6,1.4,2.1,15.6,,greenje02
37,Marcin Gortat,30,WAS,C,82,82,2453,6.4,11.4,.566,0.0,0.0,.000,6.4,11.3,.569,.566,1.8,2.6,.703,2.6,7.9,10.5,1.4,0.7,1.6,1.5,2.8,14.7,,gortama01
38,Thaddeus Young,26,2TM,PF,76,68,2434,6.7,14.3,.466,0.6,1.7,.330,6.1,12.6,.484,.486,1.9,3.0,.655,1.9,4.2,6.1,2.6,1.8,0.4,1.7,2.5,15.8,,youngth01
38,Thaddeus Young,26,MIN,PF,48,48,1605,6.5,14.4,.451,0.4,1.5,.292,6.1,12.9,.469,.466,2.0,2.9,.682,1.7,3.8,5.5,3.0,1.9,0.4,1.7,2.6,15.4,,youngth01
38,Thaddeus Young,26,BRK,PF,28,20,829,7.0,14.2,.495,0.8,2.2,.380,6.2,12.0,.516,.524,1.9,3.1,.606,2.3,5.0,7.2,1.7,1.7,0.3,1.8,2.4,16.8,,youngth01
39,Avery Bradley,24,BOS,SG,77,77,2428,6.4,15.0,.429,1.8,5.2,.352,4.6,9.8,.470,.490,1.2,1.5,.790,0.7,2.9,3.6,2.0,1.2,0.2,1.6,2.6,15.9,,bradlav01
40,Luol Deng,29,MIA,SF,72,72,2421,5.5,11.7,.469,1.2,3.3,.355,4.3,8.4,.513,.518,2.8,3.7,.761,1.5,4.1,5.6,2.1,1.0,0.3,1.6,1.6,15.0,,denglu01
41,Kyle Korver,33,ATL,SG,75,75,2418,4.3,8.9,.487,3.3,6.7,.492,1.1,2.2,.470,.671,1.6,1.8,.898,0.2,4.3,4.5,2.9,0.8,0.6,1.6,2.1,13.6,AS,korveky01
42,Kyle Lowry,28,TOR,PG,70,70,2414,6.4,15.6,.412,2.0,5.8,.338,4.4,9.7,.457,.476,3.8,4.7,.808,0.8,4.1,4.9,7.1,1.6,0.2,2.6,3.2,18.6,AS,lowryky01
43,JJ Redick,30,LAC,SG,78,78,2409,6.7,14.0,.477,3.0,6.8,.437,3.7,7.2,.515,.583,2.7,3.0,.901,0.3,2.2,2.5,2.0,0.6,0.1,1.4,2.0,19.1,,redicjj01
44,Rudy Gay,28,SAC,SF,68,67,2408,7.6,16.7,.455,1.2,3.3,.359,6.4,13.4,.479,.491,5.0,5.9,.858,1.5,4.5,6.0,3.7,1.1,0.6,2.7,2.3,21.4,,gayru01
45,Paul Millsap,29,ATL,PF,73,73,2390,6.7,14.0,.476,1.2,3.3,.356,5.5,10.8,.513,.518,3.8,5.1,.757,2.1,6.5,8.6,3.4,2.0,1.0,2.5,3.0,18.3,AS,millspa01
46,P.J. Tucker,29,PHO,SF,78,63,2383,3.9,9.0,.438,1.3,3.8,.345,2.6,5.2,.506,.511,1.6,2.2,.727,1.7,5.9,7.6,1.8,1.6,0.3,1.5,2.7,10.8,,tuckepj01
47,Solomon Hill,23,IND,SF,82,78,2381,3.8,9.6,.396,1.0,3.1,.327,2.8,6.4,.430,.450,2.4,2.9,.824,1.1,3.7,4.7,2.8,1.0,0.3,1.7,2.7,11.0,,hillso01
48,Nicolas Batum,26,POR,SF,71,71,2380,3.6,9.1,.400,1.5,4.7,.324,2.1,4.4,.481,.483,1.3,1.5,.857,0.9,5.4,6.3,5.2,1.2,0.6,2.0,1.6,10.0,,batumni01
49,Khris Middleton,23,MIL,SF,79,58,2378,6.1,13.2,.467,1.7,4.1,.407,4.5,9.1,.494,.530,2.0,2.4,.859,0.7,4.5,5.3,2.8,1.8,0.2,1.7,2.8,16.0,,middlkh01
50,Tobias Harris,22,ORL,SF,68,63,2369,6.7,14.4,.466,1.3,3.6,.364,5.4,10.8,.500,.512,2.9,3.7,.788,1.1,5.4,6.5,1.9,1.0,0.5,1.7,2.0,17.7,,harrito02
51,Mario Chalmers,28,MIA,PG,80,37,2368,4.1,10.1,.403,1.1,3.8,.294,2.9,6.3,.467,.458,3.1,4.0,.774,0.4,2.8,3.1,4.7,1.9,0.2,2.6,3.8,12.4,,chalmma01
52,Blake Griffin,25,LAC,PF,67,67,2356,8.8,17.5,.502,0.2,0.4,.400,8.6,17.1,.504,.506,4.8,6.5,.728,1.9,5.8,7.8,5.4,1.0,0.5,2.3,3.0,22.4,MVP-8ASNBA3,griffbl01
53,Courtney Lee,29,MEM,SG,77,74,2354,4.4,9.8,.448,1.4,3.4,.402,3.0,6.4,.473,.518,1.7,2.0,.860,0.3,2.4,2.7,2.3,1.1,0.2,1.2,2.0,11.9,,leeco01
54,Harrison Barnes,22,GSW,SF,82,82,2318,4.9,10.2,.482,1.4,3.3,.405,3.6,6.8,.519,.548,1.7,2.3,.720,1.8,5.2,7.0,1.8,0.9,0.3,1.1,2.3,12.8,,barneha02
55,Al Horford,28,ATL,C,76,76,2318,8.1,15.0,.538,0.2,0.6,.306,7.9,14.4,.547,.544,1.7,2.2,.759,2.0,6.4,8.4,3.8,1.1,1.5,1.6,1.9,18.0,AS,horfoal01
56,Gerald Henderson,27,CHO,SG,80,72,2315,5.8,13.2,.437,0.7,2.1,.331,5.1,11.1,.457,.463,2.9,3.4,.848,0.6,3.7,4.2,3.2,0.8,0.3,1.7,2.1,15.1,,hendege02
57,Danny Green,27,SAS,SG,81,80,2312,5.0,11.5,.436,3.0,7.1,.418,2.0,4.4,.466,.566,1.7,2.0,.874,0.8,4.5,5.3,2.5,1.6,1.4,1.4,2.5,14.7,,greenda02
58,Nerlens Noel,20,PHI,C,75,71,2311,4.7,10.2,.462,0.0,0.0,,4.7,10.2,.462,.462,2.2,3.6,.609,2.9,6.6,9.5,2.0,2.1,2.2,2.3,3.2,11.6,ROY-3DPOY-15,noelne01
59,Zach Randolph,33,MEM,PF,71,71,2304,7.1,14.6,.487,0.1,0.3,.350,7.0,14.2,.490,.491,3.6,4.7,.765,3.5,8.2,11.7,2.4,1.1,0.2,2.4,2.7,17.9,,randoza01
60,Russell Westbrook,26,OKC,PG,67,67,2302,9.8,23.0,.426,1.3,4.5,.299,8.5,18.5,.457,.455,8.5,10.2,.835,1.9,5.7,7.6,9.0,2.2,0.2,4.6,2.9,29.5,MVP-4ASNBA2,westbru01
61,Josh Smith,29,2TM,PF,83,35,2300,6.5,15.4,.419,1.1,3.6,.316,5.4,11.9,.451,.456,2.0,4.0,.498,2.4,5.9,8.3,4.3,1.4,1.8,3.2,3.6,16.1,,smithjo03
61,Josh Smith,29,DET,PF,28,28,896,6.1,15.7,.391,0.4,1.5,.243,5.8,14.2,.407,.403,2.1,4.5,.468,2.1,6.0,8.1,5.3,1.5,1.9,2.9,3.3,14.7,,smithjo03
61,Josh Smith,29,HOU,PF,55,7,1404,6.7,15.3,.438,1.6,4.9,.330,5.1,10.4,.489,.491,1.9,3.7,.521,2.6,5.8,8.4,3.7,1.3,1.7,3.4,3.7,16.9,,smithjo03
62,Trey Burke,22,UTA,PG,76,43,2288,5.8,15.8,.368,2.0,6.1,.318,3.9,9.7,.400,.430,1.7,2.3,.752,0.5,2.7,3.2,5.2,1.0,0.2,2.0,1.9,15.3,,burketr01
63,Tyson Chandler,32,DAL,C,75,75,2286,4.6,6.9,.666,0.0,0.0,,4.6,6.9,.666,.666,2.9,4.0,.720,4.6,9.0,13.6,1.3,0.7,1.4,1.7,2.7,12.1,,chandty01
64,Dirk Nowitzki,36,DAL,PF,77,77,2282,7.7,16.8,.459,1.6,4.3,.380,6.0,12.4,.486,.508,4.0,4.6,.882,0.7,6.5,7.2,2.3,0.6,0.5,1.3,2.5,21.0,AS,nowitdi01
65,Derrick Favors,23,UTA,PF,74,74,2280,7.6,14.5,.525,0.0,0.1,.167,7.6,14.4,.527,.526,3.5,5.2,.669,3.1,6.5,9.6,1.8,0.9,1.9,1.9,3.3,18.7,,favorde01
66,Matt Barnes,34,LAC,SF,76,74,2271,4.4,9.9,.444,2.2,6.0,.362,2.2,3.9,.569,.553,1.2,1.5,.779,0.8,4.0,4.8,1.8,1.1,0.8,1.4,3.8,12.1,,barnema02
67,Reggie Jackson,24,2TM,PG,77,40,2268,6.9,15.8,.434,1.1,3.8,.299,5.7,12.0,.477,.470,2.9,3.5,.830,0.9,4.3,5.2,7.3,1.0,0.1,3.0,2.7,17.7,,jacksre01
67,Reggie Jackson,24,OKC,PG,50,13,1398,6.4,14.8,.432,1.1,4.1,.278,5.3,10.8,.490,.470,2.5,3.0,.861,0.7,4.5,5.2,5.5,1.1,0.1,2.3,2.4,16.5,,jacksre01
67,Reggie Jackson,24,DET,PG,27,27,870,7.6,17.4,.436,1.2,3.4,.337,6.4,13.9,.460,.469,3.4,4.3,.796,1.2,4.1,5.2,10.3,0.8,0.2,3.9,3.0,19.7,,jacksre01
68,Evan Turner,26,BOS,SG,82,57,2260,5.1,11.9,.429,0.5,1.9,.277,4.6,10.0,.458,.451,1.7,2.2,.752,0.6,6.0,6.6,7.2,1.3,0.3,3.2,2.9,12.4,,turneev01
69,Wesley Johnson,27,LAL,SF,76,59,2245,4.6,11.1,.414,1.5,4.2,.351,3.1,6.9,.451,.480,1.4,1.8,.804,1.1,4.0,5.1,2.0,0.9,0.7,1.4,2.6,12.1,,johnswe01
70,Jarrett Jack,31,BRK,PG,80,27,2241,5.8,13.1,.439,0.6,2.3,.267,5.1,10.8,.477,.463,3.2,3.6,.881,0.3,3.6,3.9,6.0,1.2,0.2,3.1,2.3,15.4,,jackja01
71,Jeff Teague,26,ATL,PG,73,72,2228,6.6,14.3,.460,1.1,3.3,.343,5.4,11.0,.496,.500,4.4,5.2,.862,0.5,2.5,3.0,8.3,2.0,0.5,3.3,2.2,18.8,AS,teaguje01
72,Tim Duncan,38,SAS,C,77,77,2227,6.8,13.2,.512,0.0,0.1,.286,6.7,13.1,.514,.513,3.7,5.0,.740,2.7,8.6,11.4,3.7,1.0,2.4,2.1,2.7,17.3,MVP-10DPOY-8ASNBA3DEF2,duncati01
73,Mike Conley,27,MEM,PG,70,70,2225,6.4,14.3,.446,1.7,4.5,.386,4.6,9.8,.473,.506,3.5,4.0,.859,0.5,2.9,3.4,6.1,1.4,0.2,2.5,2.2,17.9,,conlemi01
74,Dion Waiters,23,2TM,SG,80,23,2208,6.1,15.4,.396,1.2,4.0,.297,4.9,11.4,.431,.435,1.9,2.8,.680,0.7,2.5,3.1,2.7,1.5,0.3,1.8,2.5,15.3,,waitedi01
74,Dion Waiters,23,CLE,SG,33,3,786,6.3,15.7,.404,1.0,3.9,.256,5.3,11.7,.453,.436,2.2,2.7,.783,0.5,2.1,2.6,3.4,2.0,0.5,2.3,2.7,15.8,,waitedi01
74,Dion Waiters,23,OKC,SG,47,20,1422,6.0,15.3,.392,1.3,4.1,.319,4.7,11.2,.419,.435,1.8,2.8,.625,0.7,2.7,3.4,2.3,1.2,0.3,1.6,2.4,15.1,,waitedi01
75,Tristan Thompson,23,CLE,PF,82,15,2194,4.4,8.0,.547,0.0,0.0,,4.4,8.0,.547,.547,2.6,4.1,.641,4.5,6.3,10.8,0.6,0.6,1.0,1.4,3.1,11.4,6MOY-5,thomptr01
76,Gorgui Dieng,25,MIN,C,73,49,2193,4.3,8.4,.506,0.0,0.1,.167,4.2,8.3,.510,.507,3.1,4.0,.783,3.7,6.3,10.0,2.4,1.2,2.1,2.1,3.1,11.7,,dienggo01
77,DeMarre Carroll,28,ATL,SF,70,69,2189,5.2,10.7,.487,2.0,5.0,.395,3.3,5.7,.567,.579,2.1,3.0,.702,1.6,4.5,6.1,1.9,1.5,0.3,1.2,2.5,14.5,DPOY-15,carrode01
78,Chandler Parsons,26,DAL,SF,66,66,2186,6.3,13.7,.462,2.2,5.7,.380,4.1,7.9,.521,.542,2.3,3.2,.720,1.1,4.3,5.3,2.7,1.1,0.3,1.6,2.3,17.1,,parsoch01
79,Rudy Gobert,22,UTA,C,82,37,2158,4.3,7.1,.604,0.0,0.0,.000,4.3,7.1,.607,.604,2.8,4.6,.623,4.4,8.5,12.9,1.8,1.1,3.2,1.9,2.9,11.4,DPOY-5,goberru01
80,Patrick Patterson,25,TOR,PF,81,4,2156,4.0,8.9,.449,1.8,4.7,.371,2.3,4.2,.536,.547,1.1,1.3,.788,2.1,5.1,7.2,2.6,1.0,0.7,0.9,2.5,10.8,,pattepa01
81,Michael Carter-Williams,23,2TM,PG,66,63,2149,6.1,15.4,.396,0.6,2.6,.235,5.5,12.8,.428,.416,3.4,4.9,.694,1.1,4.8,5.9,7.4,1.9,0.5,4.2,2.8,16.2,,cartemi01
81,Michael Carter-Williams,23,PHI,PG,41,38,1391,6.0,15.8,.380,0.8,3.2,.256,5.2,12.6,.412,.406,3.0,4.7,.643,1.1,5.5,6.6,7.8,1.6,0.5,4.5,2.7,15.9,,cartemi01
81,Michael Carter-Williams,23,MIL,PG,25,25,758,6.3,14.6,.429,0.2,1.3,.143,6.1,13.3,.457,.435,4.0,5.2,.780,1.0,3.7,4.7,6.6,2.4,0.6,3.8,3.0,16.8,,cartemi01
82,Greg Monroe,24,DET,PF,69,57,2137,7.1,14.4,.496,0.0,0.0,,7.1,14.4,.496,.496,4.2,5.7,.750,3.9,8.0,11.9,2.4,1.3,0.6,2.5,2.5,18.5,,monrogr01
83,Enes Freedom,22,2TM,C,75,74,2135,8.1,15.6,.519,0.3,0.8,.356,7.9,14.9,.528,.528,3.1,3.9,.782,4.7,6.6,11.3,0.9,0.6,0.5,2.4,3.2,19.6,,kanteen01
83,Enes Freedom,22,UTA,C,49,48,1326,7.8,15.8,.491,0.4,1.1,.317,7.4,14.7,.505,.503,2.5,3.2,.788,4.0,6.4,10.4,0.7,0.6,0.4,2.5,3.1,18.4,,kanteen01
83,Enes Freedom,22,OKC,C,26,26,809,8.7,15.4,.566,0.1,0.2,.750,8.6,15.2,.564,.571,4.0,5.2,.776,5.8,7.0,12.8,1.3,0.6,0.6,2.3,3.3,21.6,,kanteen01
84,Kemba Walker,24,CHO,PG,62,58,2119,6.4,16.7,.385,1.4,4.8,.304,5.0,11.9,.418,.429,4.0,4.8,.827,0.6,3.1,3.7,5.4,1.5,0.5,1.7,1.6,18.3,,walkeke02
85,Serge Ibaka,25,OKC,PF,64,64,2116,6.4,13.4,.476,1.3,3.5,.376,5.1,9.9,.511,.525,1.6,1.9,.836,2.3,6.2,8.5,0.9,0.5,2.6,1.7,3.3,15.6,,ibakase01
86,Deron Williams,30,BRK,PG,68,55,2114,5.1,13.1,.387,1.5,4.0,.367,3.6,9.1,.395,.443,3.4,4.1,.834,0.5,3.5,4.0,7.6,1.1,0.3,2.6,2.7,15.1,,willide01
87,Bradley Beal,21,WAS,SG,63,59,2107,6.2,14.5,.427,1.8,4.4,.409,4.4,10.1,.434,.489,2.2,2.8,.783,1.0,3.1,4.1,3.3,1.3,0.3,2.1,2.3,16.4,,bealbr01
88,Brook Lopez,26,BRK,C,72,44,2100,8.7,16.9,.513,0.0,0.2,.100,8.7,16.7,.517,.513,3.8,4.7,.814,3.7,5.5,9.2,0.9,0.7,2.2,1.8,3.5,21.2,,lopezbr01
89,DeMar DeRozan,25,TOR,SG,60,60,2100,7.0,17.0,.413,0.4,1.5,.284,6.6,15.5,.426,.426,6.2,7.4,.832,0.7,4.0,4.7,3.6,1.3,0.2,2.3,2.1,20.6,,derozde01
90,Jonas Valančiūnas,22,TOR,C,80,80,2096,6.4,11.2,.572,0.0,0.0,.000,6.4,11.2,.573,.572,3.7,4.7,.786,3.7,8.2,11.9,0.7,0.6,1.6,1.9,3.8,16.5,,valanjo01
91,Terrence Ross,23,TOR,SF,82,61,2092,5.3,13.0,.410,2.5,6.7,.372,2.8,6.2,.452,.507,0.8,1.0,.786,0.6,3.3,3.9,1.5,0.9,0.4,1.2,2.3,13.9,,rosste01
92,Corey Brewer,28,2TM,SF,80,17,2087,5.9,13.9,.426,1.1,4.1,.268,4.8,9.8,.491,.465,2.9,3.9,.743,1.4,3.7,5.1,3.0,2.0,0.3,2.3,3.0,15.8,6MOY-8,breweco01
92,Corey Brewer,28,MIN,SF,24,16,680,5.0,11.9,.418,0.4,2.2,.195,4.6,9.7,.467,.436,2.9,4.1,.705,1.7,3.3,5.0,4.1,2.9,0.2,2.6,3.3,13.3,,breweco01
92,Corey Brewer,28,HOU,SF,56,1,1407,6.4,14.8,.429,1.4,5.0,.284,5.0,9.9,.503,.477,2.9,3.8,.764,1.2,4.0,5.2,2.4,1.5,0.4,2.1,2.8,17.0,,breweco01
93,Kenneth Faried,25,DEN,PF,75,71,2086,6.4,12.7,.507,0.0,0.1,.125,6.4,12.6,.511,.507,3.4,5.0,.691,4.2,7.4,11.5,1.5,1.1,1.0,2.0,3.6,16.3,,farieke01
94,J.R. Smith,29,2TM,SG,70,51,2080,5.5,13.1,.417,2.8,7.4,.383,2.6,5.7,.462,.525,0.9,1.2,.750,0.5,3.3,3.8,3.4,1.4,0.4,1.7,2.8,14.7,,smithjr01
94,J.R. Smith,29,NYK,SG,24,6,619,5.9,14.6,.402,1.9,5.2,.356,4.0,9.4,.429,.466,1.6,2.3,.692,0.2,3.1,3.4,4.7,1.0,0.2,2.6,2.6,15.2,,smithjr01
94,J.R. Smith,29,CLE,SG,46,45,1461,5.3,12.4,.425,3.2,8.3,.390,2.0,4.1,.494,.555,0.7,0.8,.818,0.6,3.3,3.9,2.8,1.6,0.4,1.3,2.9,14.4,,smithjr01
95,Andre Iguodala,31,GSW,SF,77,0,2069,4.0,8.6,.466,1.3,3.7,.349,2.7,4.9,.553,.540,1.2,2.0,.596,0.8,3.7,4.5,4.0,1.5,0.4,1.5,1.7,10.5,6MOY-4,iguodan01
96,Joakim Noah,29,CHI,C,67,67,2049,3.3,7.5,.445,0.0,0.0,.000,3.3,7.5,.447,.445,1.8,3.1,.603,3.8,7.5,11.3,5.5,0.8,1.3,2.2,3.6,8.5,DPOY-12,noahjo01
97,Marcus Morris,25,PHO,PF,81,35,2045,5.8,13.4,.434,2.0,5.5,.358,3.9,7.9,.487,.507,1.2,2.0,.628,1.3,5.5,6.8,2.3,1.1,0.3,1.3,3.3,14.9,,morrima03
98,Timofey Mozgov,28,2TM,C,81,80,2045,5.5,10.0,.555,0.0,0.1,.333,5.5,9.9,.557,.557,2.7,3.8,.718,3.6,6.8,10.4,1.0,0.6,1.7,2.0,4.0,13.8,,mozgoti01
98,Timofey Mozgov,28,DEN,C,35,35,897,4.7,9.3,.504,0.1,0.2,.333,4.6,9.1,.509,.509,2.5,3.5,.733,3.7,7.3,10.9,0.6,0.6,1.6,1.9,4.6,12.0,,mozgoti01
98,Timofey Mozgov,28,CLE,C,46,45,1148,6.2,10.5,.590,0.0,0.0,,6.2,10.5,.590,.590,2.9,4.1,.708,3.5,6.5,10.0,1.2,0.6,1.8,2.2,3.5,15.2,,mozgoti01
99,Donatas Motiejūnas,24,HOU,PF,71,62,2037,6.2,12.4,.504,0.9,2.4,.368,5.4,10.0,.536,.539,1.8,2.9,.602,2.4,5.0,7.4,2.3,1.0,0.6,2.2,3.6,15.1,,motiedo01
100,Marvin Williams,28,CHO,PF,78,37,2035,3.7,8.8,.424,1.7,4.7,.358,2.0,4.1,.500,.520,1.1,1.5,.713,1.0,5.8,6.8,1.8,1.2,0.6,1.1,2.6,10.2,,willima02
101,Brandon Knight,23,2TM,PG,63,61,2035,6.6,15.7,.422,2.2,5.7,.389,4.4,10.0,.441,.493,3.4,3.9,.874,0.5,3.8,4.3,5.8,1.6,0.2,3.3,2.0,18.9,,knighbr03
101,Brandon Knight,23,MIL,PG,52,52,1688,6.9,15.9,.435,2.2,5.4,.409,4.7,10.5,.448,.505,3.6,4.1,.881,0.6,4.2,4.7,6.0,1.8,0.2,3.5,2.0,19.7,,knighbr03
101,Brandon Knight,23,PHO,SG,11,9,347,5.3,14.8,.357,2.2,7.0,.313,3.1,7.9,.395,.430,2.5,3.0,.828,0.2,2.2,2.4,5.1,0.6,0.1,2.4,2.2,15.3,,knighbr03
102,Kawhi Leonard,23,SAS,SF,64,64,2033,7.0,14.6,.479,1.2,3.4,.349,5.8,11.2,.519,.520,3.6,4.5,.802,1.5,6.7,8.2,2.9,2.6,0.8,1.7,2.3,18.7,MVP-10DPOY-1DEF1,leonaka01
103,Wesley Matthews,28,POR,SG,60,60,2024,6.0,13.4,.448,3.1,7.9,.389,2.9,5.5,.534,.563,1.9,2.6,.752,0.7,3.3,3.9,2.5,1.4,0.2,1.4,2.3,17.0,,matthwe02
104,Eric Gordon,26,NOP,SG,61,60,2018,5.1,12.4,.411,2.5,5.6,.448,2.6,6.8,.380,.512,1.9,2.4,.805,0.5,2.3,2.8,4.1,0.9,0.2,2.2,2.6,14.6,,gordoer01
105,Rajon Rondo,28,2TM,PG,68,68,2018,4.9,11.5,.426,0.5,1.5,.314,4.4,10.0,.444,.447,0.6,1.4,.397,1.3,5.4,6.7,9.6,1.6,0.1,3.7,2.7,10.8,,rondora01
105,Rajon Rondo,28,BOS,PG,22,22,699,4.2,10.3,.405,0.4,1.6,.250,3.8,8.7,.435,.425,0.6,1.9,.333,1.3,7.2,8.5,12.2,1.9,0.2,3.9,2.2,9.4,,rondora01
105,Rajon Rondo,28,DAL,PG,46,46,1319,5.3,12.1,.436,0.5,1.5,.352,4.8,10.7,.448,.457,0.5,1.1,.452,1.3,4.4,5.7,8.2,1.5,0.1,3.7,3.0,11.6,,rondora01
106,Lou Williams,28,TOR,SG,80,0,2016,6.7,16.6,.404,2.7,8.0,.340,4.0,8.6,.464,.486,6.1,7.1,.861,0.4,2.3,2.7,2.9,1.6,0.2,1.8,1.8,22.2,6MOY-1,willilo02
107,DeMarcus Cousins,24,SAC,C,59,59,2013,8.9,19.1,.467,0.0,0.1,.250,8.9,18.9,.469,.468,7.6,9.7,.782,3.3,10.1,13.4,3.8,1.6,1.8,4.5,4.3,25.4,ASNBA2,couside01
108,Al Jefferson,30,CHO,C,65,61,1992,8.8,18.3,.481,0.0,0.1,.400,8.7,18.2,.482,.482,2.0,3.0,.655,1.8,8.1,9.9,2.0,0.8,1.5,1.2,2.5,19.6,,jeffeal01
109,Greivis Vásquez,28,TOR,PG,82,29,1991,5.4,13.1,.408,2.4,6.3,.379,2.9,6.8,.436,.500,0.9,1.2,.758,0.4,3.5,3.9,5.5,0.8,0.2,2.2,3.2,14.0,,vasqugr01
110,Jason Thompson,28,SAC,PF,81,63,1991,3.6,7.7,.470,0.0,0.0,.000,3.6,7.7,.471,.470,1.6,2.6,.622,2.5,7.1,9.6,1.5,0.6,1.0,1.5,4.3,8.9,,thompja02
111,Boris Diaw,32,SAS,PF,81,15,1984,5.3,11.5,.460,1.0,3.1,.320,4.3,8.4,.512,.503,1.3,1.7,.774,1.4,4.9,6.3,4.2,0.7,0.4,2.3,2.7,12.8,,diawbo01
112,Ömer Aşık,28,NOP,C,76,76,1982,3.9,7.5,.517,0.0,0.0,,3.9,7.5,.517,.517,2.4,4.1,.582,4.4,9.2,13.6,1.3,0.5,1.0,1.7,2.6,10.1,,asikom01
113,Mo Williams,32,2TM,PG,68,33,1980,6.2,15.6,.397,2.2,6.3,.342,4.0,9.3,.434,.466,3.0,3.4,.872,0.4,2.8,3.2,7.7,0.8,0.3,3.1,2.9,17.5,,willima01
113,Mo Williams,32,MIN,PG,41,19,1149,5.6,14.0,.403,1.8,5.3,.347,3.8,8.7,.437,.469,2.5,2.9,.851,0.4,2.7,3.1,8.2,0.9,0.3,3.2,3.2,15.6,,willima01
113,Mo Williams,32,CHO,PG,27,14,831,7.0,17.9,.390,2.6,7.7,.337,4.4,10.2,.430,.462,3.6,4.0,.892,0.4,2.9,3.3,7.1,0.7,0.3,3.0,2.6,20.1,,willima01
114,Amir Johnson,27,TOR,PF,75,72,1979,5.4,9.4,.574,0.3,0.8,.413,5.1,8.6,.590,.592,1.4,2.3,.612,2.9,5.4,8.3,2.1,0.8,1.1,2.0,4.1,12.6,,johnsam01
115,Dwyane Wade,33,MIA,SG,62,62,1971,9.3,19.8,.470,0.5,1.9,.284,8.8,17.9,.489,.483,5.2,6.8,.768,1.1,2.9,4.0,5.5,1.3,0.4,3.8,1.9,24.3,AS,wadedw01
116,D.J. Augustin,27,2TM,PG,82,14,1964,4.7,11.9,.399,1.5,4.5,.337,3.2,7.4,.436,.463,3.3,3.8,.868,0.4,2.6,3.0,6.5,0.9,0.1,2.7,1.7,14.2,,augusdj01
116,D.J. Augustin,27,DET,PG,54,13,1287,5.3,12.9,.410,1.4,4.2,.327,3.9,8.7,.450,.463,4.1,4.7,.870,0.4,2.4,2.8,7.4,0.9,0.1,3.1,1.7,16.1,,augusdj01
116,D.J. Augustin,27,OKC,PG,28,1,677,3.7,9.9,.371,1.8,5.1,.354,1.9,4.8,.389,.462,1.6,1.9,.861,0.4,2.9,3.2,4.7,0.9,0.1,1.9,1.7,10.8,,augusdj01
117,Robert Covington,24,PHI,SF,70,49,1956,5.5,13.9,.396,3.1,8.2,.374,2.4,5.7,.426,.506,3.3,4.0,.820,1.2,4.6,5.8,1.9,1.8,0.6,2.4,3.5,17.4,,covinro01
118,Tony Parker,32,SAS,PG,68,68,1953,7.4,15.3,.486,0.7,1.6,.427,6.7,13.7,.493,.508,2.4,3.1,.783,0.3,2.1,2.4,6.2,0.8,0.0,2.7,2.0,18.0,,parketo01
119,Brandon Bass,29,BOS,PF,82,43,1929,6.4,12.7,.504,0.2,0.6,.281,6.3,12.1,.515,.510,3.2,4.0,.790,2.6,4.8,7.4,1.9,0.8,0.6,1.5,2.6,16.2,,bassbr01
120,Roy Hibbert,28,IND,C,76,76,1926,5.9,13.3,.446,0.0,0.0,.000,5.9,13.2,.448,.446,3.1,3.8,.824,2.9,7.2,10.1,1.6,0.3,2.3,2.0,4.0,15.0,,hibbero01
121,Luc Mbah a Moute,28,PHI,PF,67,61,1916,4.7,11.9,.395,1.2,3.8,.307,3.6,8.2,.435,.443,1.8,3.1,.589,1.5,4.6,6.2,2.0,1.5,0.4,1.9,2.0,12.4,,mbahalu01
122,Paul Pierce,37,WAS,SF,73,73,1914,5.5,12.3,.447,2.2,5.7,.389,3.3,6.6,.496,.537,3.1,3.9,.781,0.8,4.7,5.5,2.7,0.9,0.5,1.7,3.0,16.3,,piercpa01
123,Jeremy Lin,26,LAL,PG,74,30,1907,5.2,12.3,.424,1.2,3.3,.369,4.0,9.0,.444,.473,4.0,5.1,.795,0.5,3.2,3.7,6.4,1.5,0.6,3.1,3.6,15.7,,linje01
124,Zach LaVine,19,MIN,PG,77,40,1902,5.4,12.8,.422,1.1,3.2,.341,4.3,9.7,.449,.465,2.8,3.4,.842,0.5,3.5,4.1,5.2,1.0,0.2,3.7,3.0,14.7,,lavinza01
125,David West,34,IND,PF,66,66,1895,6.1,13.0,.471,0.1,0.4,.200,6.1,12.7,.479,.474,2.3,3.1,.739,2.1,6.5,8.5,4.2,0.9,0.9,2.3,3.0,14.6,,westda01
126,Aaron Brooks,30,CHI,PG,82,21,1885,6.6,15.6,.421,2.3,6.0,.387,4.3,9.6,.442,.495,2.8,3.3,.833,0.6,2.6,3.2,5.0,1.0,0.3,3.0,3.6,18.2,6MOY-11,brookaa01
127,Rodney Stuckey,28,IND,PG,71,36,1874,6.4,14.5,.440,1.1,2.7,.390,5.3,11.8,.452,.477,3.4,4.1,.819,0.7,4.1,4.8,4.2,1.1,0.2,2.3,2.5,17.2,,stuckro01
128,Jordan Hill,27,LAL,C,70,57,1874,6.9,14.9,.459,0.1,0.2,.273,6.8,14.7,.462,.461,2.4,3.2,.738,3.3,7.3,10.7,2.0,0.7,1.0,2.0,3.2,16.2,,hilljo01
129,Channing Frye,31,ORL,PF,75,51,1870,3.7,9.4,.392,2.6,6.7,.393,1.1,2.7,.390,.532,0.6,0.7,.886,0.5,5.1,5.6,1.8,0.9,0.8,1.5,3.7,10.6,,fryech01
130,Shane Larkin,22,NYK,PG,76,22,1865,3.6,8.3,.433,0.7,2.2,.302,2.9,6.1,.481,.473,1.2,1.5,.782,0.6,2.8,3.4,4.4,1.8,0.2,1.6,2.9,9.1,,larkish01
131,Bojan Bogdanović,25,BRK,SF,78,28,1854,5.1,11.2,.453,1.8,5.0,.355,3.3,6.2,.531,.532,1.7,2.1,.821,1.0,3.2,4.1,1.3,0.7,0.2,1.5,2.0,13.6,,bogdabo02
132,C.J. Miles,27,IND,SG,70,40,1841,6.4,16.2,.398,3.0,8.7,.345,3.4,7.5,.459,.491,2.5,3.1,.807,0.4,3.8,4.2,1.5,1.2,0.5,1.4,2.6,18.4,,milescj01
133,Ed Davis,25,LAL,PF,79,24,1840,5.5,9.2,.601,0.0,0.0,,5.5,9.2,.601,.601,1.8,3.7,.487,4.5,7.2,11.7,1.8,1.0,1.9,1.1,4.0,12.8,,davised01
134,Mike Dunleavy,34,CHI,SF,63,63,1838,4.1,9.4,.435,2.1,5.2,.407,2.0,4.3,.468,.546,1.4,1.7,.805,0.5,4.3,4.9,2.2,0.8,0.4,1.2,2.4,11.7,,dunlemi02
135,Norris Cole,26,2TM,PG,75,25,1831,4.5,11.0,.412,1.1,3.5,.313,3.4,7.5,.458,.461,1.1,1.6,.716,0.3,2.9,3.1,5.0,1.1,0.3,1.9,2.4,11.3,,coleno01
135,Norris Cole,26,MIA,PG,47,23,1148,3.7,9.6,.386,0.8,3.2,.265,2.9,6.4,.446,.430,1.0,1.4,.696,0.4,3.0,3.4,5.2,1.3,0.3,1.8,2.4,9.3,,coleno01
135,Norris Cole,26,NOP,PG,28,2,683,5.9,13.3,.444,1.5,3.9,.378,4.4,9.4,.472,.500,1.4,1.8,.743,0.1,2.6,2.7,4.7,0.8,0.4,2.2,2.6,14.7,,coleno01
136,Dante Exum,19,UTA,PG,82,41,1817,2.9,8.2,.349,1.6,5.2,.314,1.2,3.0,.408,.448,0.4,0.6,.625,0.5,2.1,2.6,3.9,0.8,0.3,2.3,2.9,7.8,,exumda01
137,Marcus Smart,20,BOS,PG,67,38,1808,3.5,9.5,.367,1.8,5.4,.335,1.7,4.1,.410,.462,1.6,2.5,.646,1.2,3.2,4.4,4.1,2.0,0.4,1.8,3.5,10.4,ROY-5,smartma01
138,Anthony Morrow,29,OKC,SG,74,0,1806,5.7,12.3,.463,2.8,6.5,.434,2.9,5.8,.497,.578,1.6,1.8,.888,0.8,3.1,3.9,1.2,1.1,0.2,0.8,2.7,15.7,6MOY-11,morroan01
139,Quincy Pondexter,26,2TM,SG,75,30,1793,3.8,9.0,.421,1.8,4.9,.373,1.9,4.1,.478,.522,1.4,1.9,.740,1.1,2.9,3.9,1.9,0.4,0.5,1.0,3.0,10.8,,pondequ01
139,Quincy Pondexter,26,MEM,SG,30,2,540,3.2,9.0,.356,1.1,4.9,.233,2.1,4.1,.500,.419,1.4,2.0,.700,1.3,2.5,3.8,1.9,0.3,0.3,0.7,3.1,8.9,,pondequ01
139,Quincy Pondexter,26,NOP,SF,45,28,1253,4.0,9.0,.449,2.1,4.9,.433,1.9,4.1,.468,.567,1.4,1.9,.758,0.9,3.0,4.0,1.9,0.4,0.5,1.2,3.0,11.6,,pondequ01
140,Jason Smith,28,NYK,C,82,31,1785,5.2,11.9,.434,0.3,0.8,.357,4.9,11.1,.440,.447,2.6,3.1,.830,2.0,4.6,6.5,2.8,0.6,0.9,2.1,4.1,13.2,,smithja02
141,Hollis Thompson,23,PHI,SG,71,23,1776,4.5,11.0,.413,2.3,5.8,.401,2.2,5.2,.426,.518,1.3,1.8,.708,1.1,2.9,4.0,1.7,1.2,0.5,1.3,2.9,12.7,,thompho01
142,Steven Adams,21,OKC,C,70,67,1771,4.4,8.1,.544,0.0,0.0,.000,4.4,8.1,.547,.544,2.1,4.2,.502,4.0,6.6,10.6,1.3,0.8,1.7,2.0,4.5,10.9,,adamsst01
143,Alan Anderson,32,BRK,SG,74,19,1744,4.0,9.1,.443,1.5,4.3,.348,2.5,4.7,.530,.526,1.7,2.1,.812,0.6,3.6,4.2,1.7,1.2,0.1,1.2,3.1,11.3,,anderal01
144,Mason Plumlee,24,BRK,C,82,45,1743,5.8,10.1,.573,0.0,0.1,.000,5.8,10.0,.576,.573,3.2,6.5,.495,3.6,7.0,10.6,1.5,1.3,1.3,2.2,4.3,14.8,,plumlma01
145,Kyle Singler,26,2TM,SF,80,58,1743,3.6,9.2,.386,2.0,5.0,.398,1.6,4.2,.371,.493,0.8,1.1,.769,0.7,3.3,4.0,1.8,1.0,0.4,1.1,3.2,9.9,,singlky01
145,Kyle Singler,26,DET,SF,54,40,1287,3.9,9.8,.400,2.1,5.2,.406,1.8,4.6,.393,.509,0.8,1.0,.806,0.6,3.2,3.9,1.9,0.9,0.4,1.2,2.7,10.8,,singlky01
145,Kyle Singler,26,OKC,SF,26,18,456,2.5,7.6,.333,1.6,4.3,.370,0.9,3.3,.286,.438,0.9,1.3,.688,0.8,3.6,4.3,1.4,1.1,0.6,1.0,4.3,7.5,,singlky01
146,Tyler Zeller,25,BOS,C,82,59,1731,7.1,12.9,.549,0.0,0.0,,7.1,12.9,.549,.549,3.2,3.9,.823,3.0,6.6,9.7,2.4,0.4,1.1,1.6,4.3,17.3,,zellety01
147,Zaza Pachulia,30,MIL,C,73,45,1730,5.0,11.0,.454,0.0,0.1,.000,5.0,10.9,.456,.454,2.6,3.3,.788,4.1,6.3,10.4,3.7,1.7,0.4,2.8,3.5,12.6,,pachuza01
148,Patrick Beverley,26,HOU,PG,56,55,1727,4.3,11.1,.383,2.4,6.7,.356,1.9,4.4,.426,.492,0.9,1.3,.750,1.4,3.5,4.9,4.0,1.2,0.5,1.7,3.8,11.8,DPOY-15,beverpa01
149,Isaiah Thomas,25,2TM,PG,67,1,1726,7.0,16.6,.420,2.7,7.2,.373,4.3,9.4,.457,.501,6.3,7.3,.868,0.7,2.5,3.2,5.9,1.2,0.1,3.0,3.1,23.0,6MOY-2,thomais02
149,Isaiah Thomas,25,PHO,PG,46,1,1181,6.6,15.6,.426,2.5,6.3,.391,4.2,9.3,.449,.505,5.6,6.4,.872,0.8,2.5,3.3,5.2,1.4,0.2,2.7,3.2,21.4,,thomais02
149,Isaiah Thomas,25,BOS,PG,21,0,545,7.7,18.8,.411,3.2,9.2,.345,4.6,9.6,.473,.495,7.8,9.0,.861,0.5,2.4,2.9,7.5,0.8,0.0,3.6,3.0,26.4,,thomais02
150,Jerryd Bayless,26,MIL,PG,77,4,1717,4.6,10.8,.426,0.8,2.5,.308,3.8,8.3,.462,.462,2.5,2.9,.883,0.5,4.0,4.4,4.9,1.2,0.3,2.8,3.4,12.5,,bayleje01
151,Jared Dudley,29,MIL,SG,72,22,1717,4.2,8.9,.468,1.6,4.0,.385,2.6,4.8,.537,.556,1.0,1.4,.716,0.9,3.7,4.6,2.7,1.5,0.2,1.3,2.4,10.9,,dudleja01
152,Jamal Crawford,34,LAC,SG,64,4,1703,7.0,17.7,.396,2.5,7.7,.327,4.5,10.0,.448,.467,4.8,5.3,.901,0.4,2.2,2.6,3.3,1.2,0.3,1.9,2.3,21.4,6MOY-3,crawfja01
153,O.J. Mayo,27,MIL,SG,71,15,1697,6.3,14.9,.422,2.1,5.9,.357,4.2,9.0,.465,.493,2.4,2.9,.827,0.6,3.3,4.0,4.2,1.2,0.4,2.7,3.5,17.1,,mayooj01
154,Nenê,32,WAS,PF,67,58,1693,6.5,12.8,.511,0.0,0.1,.200,6.5,12.7,.513,.512,2.6,4.3,.604,1.8,5.5,7.3,2.6,1.4,0.5,2.6,3.8,15.7,,hilarne01
155,Carlos Boozer,33,LAL,PF,71,26,1692,7.9,15.8,.499,0.0,0.0,,7.9,15.8,.499,.499,2.0,3.2,.627,2.4,7.9,10.3,2.0,0.9,0.3,2.0,3.9,17.8,,boozeca01
156,Taj Gibson,29,CHI,PF,62,17,1692,5.4,10.8,.502,0.0,0.0,,5.4,10.8,.502,.502,2.8,3.9,.717,3.4,5.0,8.4,1.5,0.8,1.6,1.6,3.4,13.6,6MOY-10,gibsota01
157,Devin Harris,31,DAL,PG,76,3,1685,4.7,11.2,.418,2.0,5.7,.357,2.6,5.5,.481,.509,2.8,3.5,.815,0.3,2.6,2.9,5.1,1.7,0.3,1.8,3.1,14.2,,harride01
158,Tim Hardaway Jr.,22,NYK,SG,70,30,1681,6.0,15.4,.389,2.6,7.6,.342,3.4,7.8,.435,.474,2.7,3.3,.801,0.3,3.1,3.3,2.7,0.4,0.3,1.8,2.5,17.2,,hardati02
159,Wayne Ellington,27,LAL,SG,65,36,1675,5.5,13.3,.412,1.9,5.2,.370,3.5,8.0,.439,.485,1.1,1.4,.813,0.7,3.8,4.5,2.3,0.7,0.0,1.1,1.7,14.0,,ellinwa01
160,Ryan Anderson,26,NOP,PF,61,5,1675,6.3,15.7,.399,2.6,7.7,.340,3.6,8.0,.457,.483,2.8,3.2,.854,2.3,4.0,6.3,1.2,0.7,0.4,1.3,2.4,17.9,,anderry01
161,Joe Ingles,27,UTA,SF,79,32,1673,3.2,7.6,.415,1.5,4.3,.356,1.6,3.3,.493,.517,0.6,0.9,.750,0.5,3.3,3.8,3.9,1.5,0.2,2.1,2.7,8.5,,inglejo01
162,Evan Fournier,22,ORL,SG,58,32,1661,5.5,12.5,.440,1.8,4.9,.378,3.6,7.6,.480,.514,2.3,3.2,.728,0.6,2.7,3.3,2.6,0.9,0.0,1.8,2.5,15.1,,fournev01
163,Luis Scola,34,IND,PF,81,16,1659,6.5,13.9,.467,0.1,0.4,.250,6.4,13.5,.474,.471,3.4,4.9,.699,3.0,8.4,11.4,2.3,1.0,0.4,2.0,4.2,16.6,,scolalu01
164,Nikola Mirotić,23,CHI,PF,82,3,1654,5.5,13.6,.405,2.2,6.8,.316,3.4,6.8,.495,.485,5.0,6.2,.803,1.4,7.4,8.8,2.1,1.2,1.2,1.9,3.7,18.1,ROY-26MOY-6,mirotni01
165,Dante Cunningham,27,NOP,PF,66,27,1652,3.4,7.4,.457,0.0,0.2,.100,3.4,7.2,.468,.459,0.6,1.0,.617,1.5,4.1,5.6,1.1,1.0,0.8,0.8,2.2,7.4,,cunnida01
166,Tony Allen,33,MEM,SG,63,41,1648,4.9,9.9,.495,0.2,0.6,.345,4.7,9.3,.505,.505,1.7,2.8,.627,2.3,3.9,6.1,1.9,2.8,0.7,1.9,3.6,11.8,DPOY-7DEF1,allento01
167,Jae Crowder,24,2TM,SF,82,17,1647,5.0,11.9,.420,1.3,4.5,.293,3.7,7.4,.499,.476,2.4,3.1,.773,1.6,4.8,6.4,2.1,1.6,0.5,1.1,3.0,13.7,,crowdja01
167,Jae Crowder,24,DAL,SF,25,0,265,4.5,10.3,.434,1.8,5.2,.342,2.7,5.2,.526,.520,1.4,1.5,.909,1.6,2.3,3.9,1.6,2.0,0.7,1.4,3.5,12.1,,crowdja01
167,Jae Crowder,24,BOS,SF,57,17,1382,5.1,12.2,.418,1.3,4.4,.282,3.9,7.8,.495,.469,2.6,3.4,.762,1.6,5.3,6.9,2.1,1.5,0.5,1.0,2.9,14.0,,crowdja01
168,Jason Terry,37,HOU,SG,77,18,1641,4.1,9.8,.422,2.8,7.1,.390,1.4,2.7,.504,.563,0.9,1.1,.813,0.3,2.3,2.7,3.2,1.4,0.4,1.6,2.5,11.9,,terryja01
169,Robin Lopez,26,POR,C,59,59,1638,5.1,9.6,.535,0.0,0.0,.000,5.1,9.6,.537,.535,2.2,2.8,.772,4.2,4.5,8.7,1.2,0.4,1.8,1.6,2.7,12.4,,lopezro01
170,Caron Butler,34,DET,SF,78,21,1623,3.6,8.8,.407,1.8,4.9,.379,1.7,3.9,.441,.511,1.2,1.4,.902,0.5,3.9,4.3,1.8,1.0,0.1,1.1,2.7,10.2,,butleca01
171,Kirk Hinrich,34,CHI,SG,66,22,1610,3.2,8.5,.373,1.3,3.8,.345,1.9,4.8,.394,.449,0.8,1.1,.700,0.4,2.3,2.7,3.3,1.0,0.3,1.6,3.2,8.4,,hinriki01
172,Manu Ginóbili,37,SAS,SG,70,0,1587,5.7,13.4,.426,2.0,5.9,.345,3.7,7.5,.489,.502,3.3,4.6,.721,0.6,4.2,4.8,6.6,1.5,0.5,3.5,3.1,16.7,6MOY-8,ginobma01
173,Michael Kidd-Gilchrist,21,CHO,SF,55,52,1587,5.1,10.9,.465,0.0,0.0,,5.1,10.9,.465,.465,3.4,4.9,.701,2.5,7.0,9.4,1.7,0.7,0.9,1.4,2.6,13.6,DPOY-9,kiddgmi01
174,Andrew Bogut,30,GSW,C,67,65,1583,4.5,8.1,.563,0.0,0.0,,4.5,8.1,.563,.563,0.5,1.0,.524,3.2,9.1,12.3,4.1,0.9,2.6,2.4,4.3,9.6,DPOY-6DEF2,bogutan01
175,Lance Stephenson,24,CHO,SG,61,25,1573,4.7,12.6,.376,0.4,2.4,.171,4.3,10.2,.425,.393,1.6,2.5,.627,0.9,5.4,6.3,5.5,0.9,0.2,2.9,3.1,11.5,,stephla01
176,Jared Sullinger,22,BOS,PF,58,49,1566,7.1,16.3,.439,1.2,4.2,.283,6.0,12.0,.494,.476,2.2,3.0,.744,3.4,6.8,10.1,3.1,1.0,1.0,1.8,3.5,17.7,,sullija01
177,Darren Collison,27,SAC,PG,45,45,1565,6.0,12.7,.473,1.4,3.7,.373,4.6,8.9,.514,.527,3.3,4.2,.788,0.4,2.9,3.3,5.8,1.5,0.3,2.6,2.2,16.7,,collida01
178,Trevor Booker,27,UTA,PF,79,5,1564,5.2,10.7,.487,0.7,1.9,.345,4.5,8.7,.518,.518,2.0,3.4,.581,3.2,5.9,9.1,1.9,1.0,0.9,2.0,3.3,13.1,,booketr01
179,Austin Rivers,22,2TM,SG,76,5,1563,4.7,11.4,.409,0.9,3.0,.298,3.8,8.4,.449,.449,2.0,2.9,.675,0.6,2.9,3.5,3.6,1.1,0.3,1.5,3.4,12.2,,riverau01
179,Austin Rivers,22,NOP,SG,35,3,772,4.0,10.4,.387,0.7,2.3,.280,3.4,8.0,.419,.419,2.5,3.3,.746,0.6,2.6,3.2,4.1,0.8,0.3,1.4,3.0,11.1,,riverau01
179,Austin Rivers,22,LAC,SG,41,2,791,5.3,12.5,.427,1.1,3.7,.309,4.2,8.8,.477,.473,1.5,2.5,.582,0.7,3.1,3.8,3.1,1.4,0.3,1.6,3.7,13.2,,riverau01
180,Chris Bosh,30,MIA,C,44,44,1556,7.9,17.2,.460,1.5,3.9,.375,6.5,13.3,.485,.503,4.1,5.4,.772,1.1,6.1,7.2,2.2,0.9,0.6,2.2,1.6,21.5,AS,boshch01
181,Iman Shumpert,24,2TM,SG,62,25,1545,4.5,11.0,.410,1.6,4.6,.342,2.9,6.4,.458,.481,1.0,1.5,.672,1.3,3.9,5.2,3.1,1.9,0.4,2.1,3.2,11.6,,shumpim01
181,Iman Shumpert,24,NYK,SG,24,24,625,5.1,12.4,.409,1.3,3.8,.348,3.7,8.6,.436,.463,1.4,2.1,.676,1.3,3.4,4.7,4.5,1.7,0.2,2.4,3.9,12.9,,shumpim01
181,Iman Shumpert,24,CLE,SG,38,1,920,4.1,10.0,.410,1.7,5.1,.338,2.4,4.9,.484,.496,0.7,1.1,.667,1.3,4.3,5.6,2.2,2.0,0.5,1.9,2.8,10.6,,shumpim01
182,Derrick Rose,26,CHI,PG,51,51,1530,8.0,19.6,.405,1.8,6.4,.280,6.2,13.3,.465,.450,3.6,4.4,.813,0.8,3.0,3.8,5.9,0.8,0.4,3.8,1.5,21.3,,rosede01
183,Steve Blake,34,POR,PG,81,0,1529,2.9,7.7,.373,1.8,5.2,.352,1.1,2.5,.417,.491,0.7,1.0,.707,0.4,2.8,3.2,6.8,1.0,0.1,2.4,2.8,8.2,,blakest01
184,Alex Len,21,PHO,C,69,44,1518,4.2,8.4,.507,0.0,0.1,.333,4.2,8.3,.509,.508,1.7,2.5,.702,3.4,7.4,10.8,0.8,0.8,2.5,1.8,5.1,10.2,,lenal01
185,Dennis Schröder,21,ATL,PG,77,10,1516,6.7,15.8,.427,1.2,3.5,.351,5.5,12.3,.449,.466,3.5,4.3,.827,0.7,3.2,3.9,7.5,1.2,0.1,3.6,3.0,18.2,6MOY-11,schrode01
186,Rasual Butler,35,WAS,SF,75,1,1505,5.2,12.4,.422,2.2,5.6,.387,3.0,6.7,.450,.510,1.3,1.6,.791,0.6,4.1,4.7,1.5,0.7,0.5,1.1,2.3,13.9,,butlera01
187,Beno Udrih,32,MEM,PG,79,12,1494,5.9,12.2,.487,0.6,2.3,.268,5.3,9.8,.539,.513,2.1,2.5,.853,0.5,3.0,3.4,5.3,1.1,0.2,2.1,2.1,14.6,,udrihbe01
188,Lance Thomas,26,2TM,PF,62,37,1490,4.4,10.7,.412,0.2,0.5,.318,4.2,10.1,.417,.420,1.7,2.4,.727,1.6,3.1,4.7,1.7,0.9,0.2,1.8,2.4,10.7,,thomala01
188,Lance Thomas,26,OKC,SF,22,13,450,3.6,10.1,.357,0.0,0.1,.000,3.6,10.0,.360,.357,1.8,2.6,.697,2.2,3.8,6.0,1.6,0.9,0.0,1.4,3.0,9.0,,thomala01
188,Lance Thomas,26,NYK,PF,40,24,1040,4.7,10.9,.434,0.2,0.7,.333,4.5,10.2,.441,.445,1.7,2.3,.742,1.3,2.9,4.2,1.7,0.9,0.3,2.0,2.2,11.4,,thomala01
189,Cody Zeller,22,CHO,C,62,45,1487,4.2,9.0,.461,0.0,0.0,1.000,4.1,9.0,.460,.462,3.1,4.0,.774,2.3,6.4,8.8,2.4,0.8,1.2,1.5,3.8,11.4,,zelleco01
190,Jordan Clarkson,22,LAL,PG,59,38,1476,6.5,14.5,.448,0.9,3.0,.314,5.6,11.6,.482,.480,3.2,3.9,.829,1.4,3.3,4.7,5.0,1.2,0.3,2.3,2.7,17.1,ROY-7,clarkjo01
191,Shaun Livingston,29,GSW,PG,78,2,1468,4.9,9.7,.500,0.0,0.0,.000,4.9,9.7,.503,.500,1.6,2.2,.714,1.1,3.4,4.5,6.4,1.2,0.5,2.5,2.7,11.3,,livinsh01
192,Derrick Williams,23,SAC,PF,74,6,1462,5.3,11.9,.447,1.2,3.8,.314,4.1,8.1,.511,.498,3.3,4.8,.684,1.0,4.0,5.0,1.2,0.8,0.1,1.4,1.6,15.2,,willide02
193,Jodie Meeks,27,DET,SG,60,0,1462,5.5,13.1,.416,1.8,5.2,.349,3.6,7.9,.460,.485,3.6,3.9,.906,0.3,2.3,2.6,1.9,1.5,0.1,1.4,1.9,16.3,,meeksjo01
194,Langston Galloway,23,NYK,PG,45,41,1457,5.0,12.6,.399,1.5,4.3,.352,3.5,8.3,.424,.460,1.6,1.9,.808,0.9,3.8,4.7,3.7,1.3,0.3,1.5,3.2,13.2,,gallola01
195,Brandan Wright,27,3TM,PF,75,7,1449,5.8,9.0,.642,0.0,0.1,.000,5.8,8.9,.647,.642,1.9,2.8,.696,3.2,4.8,8.0,1.0,1.2,2.3,0.8,2.5,13.5,,wrighbr03
195,Brandan Wright,27,DAL,PF,27,0,505,7.2,9.6,.748,0.0,0.0,,7.2,9.6,.748,.748,2.6,3.4,.750,3.6,4.2,7.8,0.7,1.2,3.0,0.9,3.1,17.0,,wrighbr03
195,Brandan Wright,27,BOS,PF,8,0,86,5.0,8.8,.571,0.0,0.0,,5.0,8.8,.571,.571,0.8,1.7,.500,2.9,4.2,7.1,3.3,0.4,2.1,2.1,1.7,10.9,,wrighbr03
195,Brandan Wright,27,PHO,PF,40,7,858,5.0,8.7,.580,0.0,0.1,.000,5.0,8.6,.588,.580,1.7,2.5,.667,2.9,5.2,8.1,1.0,1.3,2.0,0.7,2.3,11.7,,wrighbr03
196,Gerald Green,29,PHO,SG,74,4,1446,8.1,19.4,.416,3.4,9.6,.354,4.7,9.7,.478,.504,2.5,3.0,.825,0.8,3.8,4.6,2.3,1.0,0.3,2.6,3.6,22.0,,greenge01
197,Cory Joseph,23,SAS,PG,79,14,1444,5.2,10.2,.504,0.4,1.1,.364,4.8,9.1,.520,.523,2.6,3.6,.734,1.1,3.7,4.8,4.7,1.1,0.4,1.7,2.6,13.3,,josepco01
198,Ray McCallum,23,SAC,PG,68,30,1436,5.2,11.8,.438,0.9,2.8,.306,4.3,9.0,.479,.474,1.4,2.1,.679,1.3,3.2,4.5,4.7,1.1,0.3,2.1,2.3,12.6,,mccalra01
199,Otto Porter Jr.,21,WAS,SF,74,13,1432,4.4,9.8,.450,0.9,2.6,.337,3.5,7.2,.491,.495,1.5,2.0,.734,1.8,3.8,5.6,1.6,1.1,0.8,1.3,2.4,11.2,,porteot01
200,Anthony Tolliver,29,2TM,PF,76,11,1432,4.0,9.9,.410,2.7,7.3,.366,1.4,2.6,.534,.545,1.4,1.7,.783,1.3,4.7,5.9,1.5,0.6,0.4,1.3,3.4,12.1,,tollian01
200,Anthony Tolliver,29,PHO,PF,24,0,272,3.4,9.8,.351,3.2,8.2,.387,0.3,1.6,.167,.514,0.5,0.8,.667,0.8,5.0,5.8,1.3,0.5,0.1,1.5,2.6,10.6,,tollian01
200,Anthony Tolliver,29,DET,PF,52,11,1160,4.2,9.9,.423,2.5,7.1,.360,1.6,2.8,.582,.552,1.6,2.0,.794,1.4,4.6,6.0,1.5,0.6,0.5,1.2,3.6,12.5,,tollian01
201,Carmelo Anthony,30,NYK,SF,40,40,1428,9.0,20.3,.444,1.5,4.5,.341,7.5,15.8,.474,.482,4.8,6.0,.797,1.8,4.8,6.7,3.1,1.0,0.4,2.2,2.2,24.4,AS,anthoca01
202,Danilo Gallinari,26,DEN,SF,59,27,1426,5.8,14.3,.401,2.7,7.6,.355,3.1,6.7,.453,.496,4.3,4.8,.895,0.8,4.7,5.5,2.1,1.2,0.5,1.4,2.4,18.5,,gallida01
203,Kelly Olynyk,23,BOS,C,64,13,1423,6.3,13.4,.475,1.5,4.4,.349,4.8,8.9,.538,.533,2.4,3.4,.684,2.3,5.3,7.7,2.8,1.6,1.0,2.5,5.4,16.6,,olynyke01
204,C.J. Watson,30,IND,PG,57,21,1422,4.6,10.6,.434,1.8,4.4,.400,2.8,6.1,.459,.518,3.5,4.2,.826,0.5,3.7,4.1,5.3,1.4,0.2,2.5,2.7,14.4,,watsocj01
205,Omri Casspi,26,SAC,SF,67,19,1416,5.3,10.9,.489,0.9,2.2,.402,4.4,8.6,.512,.530,3.6,4.9,.733,1.4,5.2,6.6,2.6,0.8,0.2,2.2,2.7,15.1,,casspom01
206,Tony Snell,23,CHI,SF,72,22,1412,4.1,9.5,.429,1.9,5.0,.371,2.2,4.4,.494,.527,1.1,1.4,.800,0.8,3.7,4.5,1.6,0.8,0.3,1.2,2.2,11.1,,snellto01
207,J.J. Hickson,26,DEN,C,73,8,1411,5.6,11.7,.475,0.0,0.1,.000,5.6,11.7,.477,.475,3.0,5.1,.577,3.8,7.7,11.5,1.5,0.9,0.9,2.4,3.5,14.1,,hicksjj01
208,Jameer Nelson,32,3TM,PG,63,29,1407,5.2,12.9,.407,2.3,6.6,.345,3.0,6.3,.472,.495,0.6,0.9,.667,0.8,2.9,3.7,6.5,1.2,0.2,2.8,3.5,13.4,,nelsoja01
208,Jameer Nelson,32,DAL,PG,23,23,584,3.8,10.0,.374,2.3,6.3,.369,1.4,3.7,.383,.491,0.4,0.5,.875,0.9,3.0,3.9,5.9,0.9,0.1,2.4,3.3,10.3,,nelsoja01
208,Jameer Nelson,32,BOS,PG,6,1,121,2.7,12.2,.220,1.5,7.4,.200,1.2,4.8,.250,.280,1.8,2.7,.667,0.9,4.2,5.1,9.8,2.1,0.0,2.7,3.9,8.6,,nelsoja01
208,Jameer Nelson,32,DEN,PG,34,5,702,6.9,15.4,.450,2.4,6.7,.354,4.6,8.7,.524,.527,0.6,1.0,.579,0.8,2.6,3.4,6.4,1.3,0.2,3.1,3.6,16.8,,nelsoja01
209,Henry Sims,24,PHI,C,73,32,1399,6.1,12.9,.474,0.1,0.6,.182,6.0,12.4,.488,.478,2.7,3.5,.774,3.1,6.1,9.2,2.0,1.0,0.8,2.5,3.5,15.1,,simshe01
210,Chris Kaman,32,POR,C,74,13,1398,7.3,14.1,.515,0.0,0.0,,7.3,14.1,.515,.515,1.9,2.6,.706,3.8,8.6,12.5,1.7,0.5,1.4,2.8,3.6,16.4,6MOY-11,kamanch01
211,Tayshaun Prince,34,3TM,SF,58,16,1397,4.6,10.4,.440,0.8,1.7,.463,3.8,8.6,.436,.479,1.3,1.7,.754,1.3,4.1,5.4,2.4,0.7,0.4,0.9,1.4,11.2,,princta01
211,Tayshaun Prince,34,MEM,SF,26,9,628,4.3,10.5,.410,0.9,1.9,.455,3.4,8.6,.400,.451,1.4,1.7,.833,1.2,3.6,4.8,2.1,0.5,0.3,0.9,1.3,10.9,,princta01
211,Tayshaun Prince,34,BOS,SF,9,0,198,6.0,10.7,.559,0.9,1.5,.625,5.1,9.3,.549,.602,0.9,1.1,.833,1.1,4.4,5.5,3.3,0.9,0.4,0.7,1.3,13.8,,princta01
211,Tayshaun Prince,34,DET,SF,23,7,571,4.4,10.1,.431,0.7,1.6,.423,3.7,8.4,.433,.466,1.2,1.8,.655,1.6,4.5,6.1,2.4,0.9,0.5,1.0,1.6,10.6,,princta01
212,Marco Belinelli,28,SAS,SG,62,9,1388,5.2,12.2,.423,2.2,6.0,.374,2.9,6.2,.471,.515,2.2,2.6,.848,0.7,3.4,4.1,2.4,0.8,0.1,1.6,2.2,14.7,,belinma01
213,Matthew Dellavedova,24,CLE,SG,67,13,1380,2.9,8.0,.362,1.8,4.4,.407,1.1,3.7,.307,.472,0.8,1.0,.763,1.0,2.3,3.3,5.3,0.6,0.1,1.6,4.0,8.3,,dellama01
214,Jerami Grant,20,PHI,SF,65,11,1377,3.2,9.2,.352,1.3,4.1,.314,2.0,5.1,.383,.422,3.0,5.0,.591,1.3,3.9,5.2,2.1,1.0,1.8,2.2,3.8,10.7,,grantje01
215,James Johnson,27,TOR,PF,70,17,1370,6.3,10.6,.589,0.3,1.3,.216,6.0,9.3,.643,.603,1.8,2.7,.657,1.6,5.2,6.8,2.5,1.4,1.8,2.1,4.1,14.6,,johnsja01
216,Al-Farouq Aminu,24,DAL,SF,74,3,1366,3.9,9.4,.412,0.9,3.3,.274,3.0,6.1,.485,.459,2.2,3.1,.712,3.0,6.0,9.0,1.6,1.8,1.6,1.4,3.6,10.9,,aminual01
217,J.J. Barea,30,DAL,PG,77,10,1362,5.9,14.2,.420,1.4,4.4,.323,4.5,9.8,.463,.470,2.0,2.5,.809,0.6,2.9,3.5,7.0,0.9,0.0,1.9,2.7,15.3,,bareajo01
218,K.J. McDaniels,21,2TM,SG,62,15,1352,4.6,11.6,.396,1.1,4.0,.287,3.4,7.6,.454,.446,2.7,3.5,.752,1.7,3.6,5.3,1.9,1.2,1.9,2.8,3.4,13.0,,mcdankj01
218,K.J. McDaniels,21,PHI,SG,52,15,1319,4.6,11.4,.399,1.2,4.0,.293,3.4,7.4,.456,.450,2.7,3.6,.756,1.7,3.6,5.3,1.9,1.2,1.9,2.8,3.3,13.0,,mcdankj01
218,K.J. McDaniels,21,HOU,SG,10,0,33,5.5,16.4,.333,0.0,3.3,.000,5.5,13.1,.417,.333,1.1,2.2,.500,1.1,4.4,5.5,2.2,0.0,2.2,1.1,5.5,12.0,,mcdankj01
219,Kosta Koufos,25,MEM,C,81,3,1348,4.9,9.6,.508,0.0,0.0,,4.9,9.6,.508,.508,1.5,2.3,.647,3.2,8.1,11.4,1.0,0.8,1.7,1.8,4.0,11.2,,koufoko01
220,Kris Humphries,29,WAS,PF,64,17,1345,5.6,11.9,.473,0.0,0.2,.000,5.6,11.8,.481,.473,2.3,3.1,.744,3.2,8.0,11.1,1.5,0.9,0.7,1.2,3.5,13.6,,humphkr01
221,Brian Roberts,29,CHO,PG,72,10,1330,4.8,12.2,.389,1.7,5.2,.321,3.1,7.0,.440,.458,1.8,2.0,.892,0.4,2.6,3.0,4.4,0.9,0.2,1.5,2.0,13.0,,roberbr01
222,Kent Bazemore,25,ATL,SG,75,10,1324,3.8,9.0,.426,1.3,3.6,.364,2.5,5.4,.467,.498,1.6,2.7,.600,0.6,5.5,6.0,2.1,1.4,0.9,2.0,3.5,10.6,,bazemke01
223,Ersan İlyasova,27,MIL,PF,58,36,1319,7.2,15.2,.472,2.0,5.2,.389,5.2,10.0,.515,.539,1.9,2.9,.645,2.2,5.4,7.6,1.5,1.0,0.5,1.2,4.1,18.3,,ilyaser01
224,Jrue Holiday,24,NOP,PG,40,37,1303,6.6,14.8,.446,1.4,3.7,.378,5.2,11.0,.469,.493,1.8,2.1,.855,0.9,2.8,3.7,7.6,1.7,0.6,2.5,3.0,16.4,,holidjr01
225,Kevin Martin,31,MIN,SG,39,36,1302,7.4,17.3,.427,2.1,5.3,.393,5.3,12.0,.442,.487,4.7,5.3,.881,0.5,3.4,3.9,2.5,0.9,0.0,2.1,2.1,21.5,,martike02
226,Quincy Acy,24,NYK,PF,68,22,1287,4.3,9.3,.459,0.5,1.7,.300,3.7,7.6,.494,.486,2.1,2.7,.784,2.2,6.2,8.4,1.9,0.8,0.6,1.7,4.1,11.1,,acyqu01
227,Chase Budinger,26,MIN,SF,67,4,1286,4.7,10.9,.433,1.5,4.0,.364,3.3,6.9,.474,.500,1.9,2.3,.827,0.9,4.6,5.5,1.8,1.2,0.3,1.4,2.0,12.8,,budinch01
228,Andre Roberson,23,OKC,SG,67,65,1286,2.6,5.6,.458,0.6,2.4,.247,2.0,3.2,.612,.510,0.6,1.3,.479,1.7,5.5,7.1,2.0,1.5,0.8,1.3,3.9,6.4,,roberan03
229,Spencer Hawes,26,LAC,PF,73,15,1274,4.6,11.7,.393,1.6,5.0,.313,3.1,6.8,.452,.459,1.2,1.9,.647,0.8,6.4,7.3,2.5,0.7,1.5,1.7,4.9,12.0,,hawessp01
230,José Calderón,33,NYK,PG,42,42,1270,4.2,10.0,.415,1.7,4.0,.415,2.5,6.0,.415,.499,0.8,0.9,.906,0.5,3.0,3.5,5.6,0.9,0.0,2.1,2.2,10.8,,caldejo01
231,George Hill,28,IND,PG,43,36,1267,7.2,15.2,.477,2.0,5.5,.358,5.3,9.7,.544,.541,3.2,4.1,.790,0.7,4.4,5.1,6.3,1.3,0.4,2.0,3.2,19.7,,hillge01
232,Andre Miller,38,2TM,PG,81,0,1253,4.2,8.3,.500,0.2,1.0,.206,4.0,7.4,.539,.512,1.7,2.2,.753,1.1,3.3,4.4,8.2,0.9,0.2,3.0,3.0,10.2,,millean02
232,Andre Miller,38,WAS,PG,51,0,631,4.4,8.1,.542,0.1,0.5,.125,4.3,7.6,.567,.546,1.6,2.2,.718,1.2,3.2,4.4,8.2,0.8,0.1,2.6,3.2,10.4,,millean02
232,Andre Miller,38,SAC,PG,30,0,622,3.9,8.6,.459,0.3,1.5,.231,3.6,7.1,.508,.480,1.7,2.2,.789,0.9,3.5,4.4,8.2,1.0,0.2,3.4,2.7,10.0,,millean02
233,Amar'e Stoudemire,32,2TM,PF,59,15,1245,7.9,14.2,.557,0.0,0.1,.000,7.9,14.1,.562,.557,3.9,5.4,.720,3.2,6.3,9.5,1.3,0.8,1.1,2.3,4.7,19.7,,stoudam01
233,Amar'e Stoudemire,32,NYK,PF,36,14,865,7.0,12.9,.543,0.0,0.1,.000,7.0,12.8,.549,.543,3.9,5.3,.740,3.5,6.7,10.2,1.5,0.8,1.4,2.6,4.6,18.0,,stoudam01
233,Amar'e Stoudemire,32,DAL,PF,23,1,380,9.9,17.0,.581,0.0,0.1,.000,9.9,16.9,.584,.581,3.8,5.6,.678,2.6,5.4,8.0,0.8,0.9,0.4,1.4,4.7,23.5,,stoudam01
234,Richard Jefferson,34,DAL,SF,74,18,1244,4.2,9.4,.444,1.9,4.5,.426,2.3,4.9,.462,.546,2.3,3.3,.684,0.7,4.6,5.3,1.8,0.9,0.3,1.5,3.3,12.5,,jefferi01
235,Bismack Biyombo,22,CHO,C,64,21,1243,2.9,5.4,.543,0.0,0.0,,2.9,5.4,.543,.543,3.0,5.1,.583,4.6,7.2,11.8,0.5,0.5,2.9,1.5,4.1,8.8,,biyombi01
236,Kevin Séraphin,25,WAS,C,79,0,1235,6.7,13.1,.513,0.0,0.1,.000,6.7,13.1,.516,.513,1.7,2.4,.707,2.5,5.9,8.4,1.7,0.3,1.7,2.9,5.7,15.2,,serapke01
237,Ryan Kelly,23,LAL,PF,52,34,1233,3.0,9.0,.337,1.3,3.9,.336,1.7,5.1,.337,.409,2.3,2.8,.832,0.4,3.9,4.3,2.7,0.9,0.7,1.1,3.4,9.7,,kellyry01
238,Jonas Jerebko,27,2TM,PF,75,0,1230,4.9,11.1,.446,1.6,4.1,.386,3.4,7.0,.481,.517,1.6,1.9,.848,2.7,5.5,8.3,2.1,1.3,0.5,1.3,4.0,13.1,,jerebjo01
238,Jonas Jerebko,27,DET,PF,46,0,703,4.7,10.1,.460,1.4,3.9,.368,3.2,6.2,.516,.530,1.6,1.8,.861,2.4,4.9,7.3,2.1,1.4,0.6,1.3,3.9,12.3,,jerebjo01
238,Jonas Jerebko,27,BOS,PF,29,0,527,5.3,12.4,.431,1.8,4.4,.406,3.6,8.0,.444,.503,1.7,2.0,.833,3.1,6.4,9.6,2.0,1.3,0.5,1.2,4.0,14.1,,jerebjo01
239,John Henson,24,MIL,C,67,11,1228,5.7,10.1,.566,0.0,0.0,,5.7,10.1,.566,.566,2.3,4.0,.569,3.6,5.5,9.1,1.7,0.8,4.0,2.6,4.5,13.8,,hensojo01
240,Dwight Howard,29,HOU,C,41,41,1223,7.4,12.5,.593,0.0,0.1,.500,7.4,12.4,.594,.595,4.2,8.0,.528,3.2,9.4,12.7,1.5,0.8,1.6,3.4,4.0,19.0,,howardw01
241,Marreese Speights,27,GSW,C,76,9,1207,9.5,19.3,.492,0.1,0.5,.278,9.3,18.7,.498,.496,4.5,5.3,.843,3.3,6.4,9.7,2.1,0.6,1.0,2.4,5.6,23.6,6MOY-7,speigma01
242,Kobe Bryant,36,LAL,SG,35,35,1207,7.9,21.3,.373,1.6,5.5,.293,6.3,15.8,.401,.411,5.8,7.2,.813,0.8,5.2,5.9,5.9,1.4,0.2,3.8,1.9,23.3,AS,bryanko01
243,Pablo Prigioni,37,2TM,PG,67,3,1197,2.7,6.9,.399,1.7,5.0,.343,1.0,1.9,.548,.524,1.1,1.2,.854,0.9,2.7,3.6,5.1,2.4,0.0,1.9,2.6,8.2,,prigipa01
243,Pablo Prigioni,37,NYK,PG,43,3,795,3.1,7.3,.422,1.9,5.2,.374,1.1,2.1,.543,.556,1.0,1.2,.846,0.8,2.8,3.6,4.7,2.4,0.0,2.1,2.4,9.1,,prigipa01
243,Pablo Prigioni,37,HOU,PG,24,0,402,2.1,6.0,.343,1.3,4.6,.275,0.8,1.4,.563,.448,1.2,1.3,.867,1.1,2.4,3.5,6.0,2.4,0.0,1.3,3.1,6.5,,prigipa01
244,Tarik Black,23,2TM,C,63,39,1196,4.7,8.2,.575,0.0,0.0,.000,4.7,8.2,.577,.575,2.0,3.6,.551,4.3,6.8,11.1,1.3,0.6,0.7,1.4,4.8,11.4,,blackta01
244,Tarik Black,23,HOU,C,25,12,393,4.1,7.6,.542,0.0,0.1,.000,4.1,7.5,.549,.542,1.4,2.7,.517,5.3,6.3,11.6,0.7,0.5,0.2,1.7,5.1,9.6,,blackta01
244,Tarik Black,23,LAL,C,38,27,803,5.0,8.5,.589,0.0,0.0,,5.0,8.5,.589,.589,2.2,4.0,.562,3.8,7.0,10.8,1.5,0.6,1.0,1.3,4.6,12.3,,blackta01
245,Miles Plumlee,26,2TM,C,73,28,1194,4.1,7.7,.535,0.0,0.0,,4.1,7.7,.535,.535,0.7,1.4,.478,3.4,6.3,9.6,1.0,1.2,2.0,1.5,3.3,8.9,,plumlmi01
245,Miles Plumlee,26,PHO,C,54,28,1005,3.8,7.0,.549,0.0,0.0,,3.8,7.0,.549,.549,0.7,1.4,.500,3.4,6.4,9.8,1.0,1.3,2.0,1.6,3.5,8.3,,plumlmi01
245,Miles Plumlee,26,MIL,C,19,0,189,5.5,11.2,.492,0.0,0.0,,5.5,11.2,.492,.492,0.6,1.5,.375,3.2,5.5,8.8,1.3,1.1,2.1,1.1,2.3,11.6,,plumlmi01
246,Gary Neal,30,2TM,SG,54,1,1193,5.7,15.2,.374,1.5,4.9,.305,4.2,10.2,.407,.423,3.5,4.1,.867,0.4,3.5,3.9,3.0,0.7,0.0,2.0,2.7,16.4,,nealga01
246,Gary Neal,30,CHO,SG,43,0,931,5.5,15.4,.359,1.5,5.1,.293,4.0,10.2,.392,.408,3.4,3.9,.863,0.5,3.1,3.6,3.1,0.6,0.0,2.1,2.7,16.0,,nealga01
246,Gary Neal,30,MIN,SG,11,1,262,6.2,14.4,.429,1.5,4.3,.355,4.7,10.2,.459,.481,4.0,4.5,.879,0.0,4.8,4.8,2.7,1.0,0.0,1.4,2.5,17.9,,nealga01
247,Carl Landry,31,SAC,PF,70,15,1192,5.7,11.1,.515,0.0,0.0,,5.7,11.1,.515,.515,3.7,4.5,.820,3.0,5.1,8.1,0.8,0.5,0.5,1.6,4.0,15.2,,landrca01
248,Ramon Sessions,28,2TM,PG,64,10,1188,3.8,10.1,.374,0.6,1.8,.317,3.2,8.3,.387,.403,4.0,5.2,.769,0.7,3.7,4.4,5.5,0.9,0.0,2.6,2.2,12.2,,sessira01
248,Ramon Sessions,28,SAC,PG,36,7,642,3.5,10.3,.344,0.3,1.6,.214,3.2,8.7,.368,.361,3.6,4.9,.727,0.7,3.1,3.9,5.4,0.7,0.0,2.9,2.5,11.0,,sessira01
248,Ramon Sessions,28,WAS,PG,28,3,546,4.1,10.0,.411,0.9,2.1,.406,3.2,7.8,.412,.454,4.5,5.6,.812,0.7,4.3,4.9,5.7,1.1,0.0,2.3,1.8,13.6,,sessira01
249,Brandon Jennings,25,DET,PG,41,41,1173,6.7,16.7,.401,2.3,6.5,.360,4.4,10.2,.428,.471,3.7,4.4,.839,0.6,2.5,3.2,8.3,1.4,0.1,2.8,2.0,19.4,,jennibr01
250,Kendrick Perkins,30,2TM,C,68,3,1148,3.2,7.1,.449,0.0,0.0,.000,3.2,7.1,.451,.449,1.3,2.6,.506,2.9,7.2,10.0,1.6,0.5,1.3,3.0,5.1,7.7,,perkike01
250,Kendrick Perkins,30,OKC,C,51,3,981,3.0,6.8,.441,0.0,0.0,.000,3.0,6.8,.443,.441,1.4,2.8,.507,2.9,7.3,10.2,1.6,0.5,1.4,2.7,5.0,7.4,,perkike01
250,Kendrick Perkins,30,CLE,C,17,0,167,4.3,8.8,.488,0.0,0.0,,4.3,8.8,.488,.488,0.9,1.7,.500,2.4,6.5,8.8,1.7,0.4,0.9,4.5,5.8,9.5,,perkike01
251,Ian Mahinmi,28,IND,C,61,6,1146,3.7,6.7,.552,0.0,0.0,,3.7,6.7,.552,.552,1.0,3.2,.304,3.3,7.9,11.2,1.0,0.9,1.4,1.9,5.4,8.3,,mahinia01
252,Hassan Whiteside,25,MIA,C,48,32,1142,7.7,12.2,.628,0.0,0.0,,7.7,12.2,.628,.628,2.5,4.9,.500,4.6,10.6,15.2,0.2,0.9,3.9,1.8,4.1,17.8,DPOY-15,whiteha01
253,Robert Sacre,25,LAL,C,67,18,1133,4.0,9.7,.412,0.0,0.0,.000,4.0,9.7,.413,.412,1.7,2.6,.671,2.8,4.6,7.4,1.7,0.9,1.4,1.1,3.8,9.8,,sacrero01
254,Chris Andersen,36,MIA,C,60,20,1132,3.8,6.6,.580,0.1,0.4,.308,3.7,6.2,.598,.589,2.4,3.6,.667,2.4,7.1,9.5,1.4,0.8,1.9,1.3,2.8,10.2,,anderch01
255,JaKarr Sampson,21,PHI,SF,74,32,1131,4.6,11.0,.422,1.0,4.0,.244,3.7,7.0,.525,.467,2.0,3.0,.670,1.1,4.1,5.2,2.5,1.2,0.8,2.4,4.3,12.3,,sampsja02
256,Nik Stauskas,21,SAC,SG,73,1,1127,3.4,9.5,.365,1.5,4.8,.322,1.9,4.7,.408,.446,1.8,2.0,.859,0.4,2.5,2.8,2.1,0.6,0.5,1.3,2.9,10.2,,stausni01
257,Mike Scott,26,ATL,PF,68,0,1123,6.4,14.5,.444,2.1,6.2,.344,4.3,8.4,.517,.517,2.0,2.5,.792,1.4,4.9,6.4,2.4,0.8,0.1,1.3,2.7,17.0,,scottmi01
258,Aron Baynes,28,SAS,C,70,17,1122,5.9,10.5,.566,0.0,0.1,.250,5.9,10.4,.570,.567,2.9,3.3,.865,3.5,6.7,10.2,1.1,0.5,0.7,2.1,5.2,14.8,,baynear01
259,Donald Sloan,27,IND,PG,53,21,1107,4.7,11.5,.408,1.3,4.3,.313,3.4,7.3,.464,.466,2.0,2.5,.779,0.4,4.3,4.7,6.2,0.7,0.0,2.1,1.5,12.7,,sloando01
260,Jusuf Nurkić,20,DEN,C,62,27,1103,5.6,12.5,.446,0.0,0.1,.000,5.6,12.4,.449,.446,2.7,4.3,.636,4.1,8.4,12.5,1.6,1.7,2.2,2.8,6.8,13.9,ROY-6,nurkiju01
261,Nick Collison,34,OKC,PF,66,2,1101,3.5,8.3,.419,0.5,2.0,.267,2.9,6.3,.466,.451,1.5,2.1,.692,2.9,5.2,8.2,2.9,1.1,0.8,1.5,5.1,8.9,,collini01
262,Shawn Marion,36,CLE,SF,57,24,1101,3.9,8.7,.446,0.4,1.5,.261,3.5,7.2,.484,.468,0.9,1.1,.765,2.1,4.5,6.6,1.7,0.9,0.9,1.1,1.9,9.0,,mariosh01
263,Vince Carter,38,MEM,SG,66,1,1091,4.5,13.4,.333,2.3,7.7,.297,2.2,5.7,.379,.417,1.5,1.9,.789,0.9,3.5,4.4,2.6,1.4,0.5,1.4,3.4,12.7,,cartevi01
264,Randy Foye,31,DEN,SG,50,21,1087,4.9,13.3,.368,3.1,8.7,.357,1.8,4.6,.388,.485,1.5,1.8,.818,0.3,2.5,2.8,3.9,1.1,0.4,2.0,3.2,14.4,,foyera01
265,Shawne Williams,28,2TM,SF,63,22,1087,4.0,9.9,.403,2.1,5.9,.360,1.9,4.0,.467,.510,1.2,1.3,.875,1.2,4.3,5.5,1.5,0.8,0.7,1.0,4.5,11.3,,willish03
265,Shawne Williams,28,MIA,SF,44,22,924,4.0,9.4,.425,2.3,5.9,.395,1.6,3.4,.477,.550,1.1,1.3,.848,1.1,4.4,5.4,1.4,0.8,0.7,0.9,4.5,11.4,,willish03
265,Shawne Williams,28,DET,SF,19,0,163,4.2,13.3,.317,0.9,5.7,.154,3.3,7.5,.441,.350,1.5,1.5,1.000,2.0,4.0,6.0,1.8,0.9,0.9,1.5,4.2,10.8,,willish03
266,Lavoy Allen,25,IND,C,63,0,1070,4.7,10.1,.472,0.0,0.0,,4.7,10.1,.472,.472,1.1,1.6,.702,4.1,6.7,10.9,2.5,0.5,1.4,1.3,3.4,10.6,,allenla01
267,Rodney Hood,22,UTA,SG,50,21,1064,5.2,12.7,.414,2.1,5.8,.365,3.1,6.9,.456,.497,2.1,2.7,.763,0.3,3.7,4.0,2.8,1.0,0.4,1.5,4.0,14.7,,hoodro01
268,Tyler Hansbrough,29,TOR,PF,74,8,1058,2.9,5.6,.521,0.0,0.2,.143,2.9,5.4,.538,.524,3.3,4.7,.698,3.6,5.4,9.0,0.7,1.0,0.5,0.7,4.8,9.2,,hansbty01
269,James Ennis III,24,MIA,SF,62,3,1051,3.5,8.5,.409,1.1,3.3,.326,2.4,5.2,.461,.472,2.7,3.2,.840,1.7,4.3,6.0,1.6,0.9,0.6,1.3,3.0,10.7,,ennisja01
270,Damjan Rudež,28,IND,SF,68,2,1047,4.1,9.0,.452,2.4,5.8,.406,1.7,3.2,.538,.584,0.6,0.8,.696,0.3,1.3,1.6,1.8,0.6,0.2,1.6,2.7,11.1,,rudezda01
271,Pero Antić,32,ATL,C,63,3,1037,3.7,10.3,.365,1.8,6.0,.301,1.9,4.3,.455,.453,3.1,4.3,.715,2.0,4.5,6.6,1.7,0.6,0.5,1.7,4.6,12.4,,anticpe01
272,Tiago Splitter,30,SAS,C,52,35,1030,5.9,10.6,.558,0.0,0.0,,5.9,10.6,.558,.558,3.1,4.2,.750,3.2,5.6,8.8,2.7,1.2,1.3,2.1,3.6,15.0,,splitti01
273,Shabazz Napier,23,MIA,PG,51,10,1012,3.1,8.1,.382,1.5,4.2,.364,1.6,3.9,.400,.476,1.6,2.0,.786,0.6,3.4,4.0,4.6,1.4,0.1,2.9,2.7,9.3,,napiesh01
274,Nick Young,29,LAL,SG,42,0,1000,6.3,17.1,.366,3.0,8.1,.369,3.3,9.0,.363,.453,4.8,5.3,.892,0.6,2.8,3.5,1.5,0.8,0.4,1.6,3.0,20.3,,youngni01
275,Udonis Haslem,34,MIA,PF,62,25,995,3.9,8.6,.448,0.1,0.4,.200,3.8,8.3,.459,.452,1.6,2.3,.703,2.6,6.8,9.3,1.7,0.8,0.5,1.5,4.1,9.4,,hasleud01
276,Darrell Arthur,26,DEN,PF,58,4,988,5.6,14.0,.404,0.9,4.0,.236,4.7,10.0,.471,.438,1.7,2.1,.780,1.9,4.3,6.2,2.1,1.7,0.9,1.7,5.3,13.9,,arthuda01
277,Will Barton,24,2TM,SG,58,0,983,5.5,12.9,.425,0.8,3.1,.271,4.7,9.8,.474,.458,2.7,3.4,.787,1.0,5.0,5.9,3.0,1.8,0.7,2.2,2.6,14.5,,bartowi01
277,Will Barton,24,POR,SG,30,0,300,4.6,12.0,.380,0.5,2.2,.222,4.1,9.8,.415,.400,1.2,1.8,.667,0.4,3.7,4.1,3.2,1.7,0.5,2.0,2.4,10.8,,bartowi01
277,Will Barton,24,DEN,SG,28,0,683,5.9,13.3,.443,1.0,3.5,.284,4.9,9.8,.500,.480,3.4,4.2,.810,1.2,5.5,6.7,2.8,1.8,0.8,2.3,2.6,16.2,,bartowi01
278,Leandro Barbosa,32,GSW,SG,66,1,982,6.7,14.2,.474,1.6,4.1,.384,5.1,10.0,.511,.530,2.1,2.7,.784,0.8,2.5,3.3,3.6,1.5,0.3,1.6,3.2,17.1,,barbole01
279,Ronnie Price,31,LAL,PG,43,20,982,2.8,8.2,.345,1.1,4.0,.284,1.7,4.2,.404,.415,1.3,1.6,.800,0.7,1.8,2.5,6.0,2.5,0.1,1.9,4.3,8.1,,pricero01
280,Cole Aldrich,26,NYK,C,61,16,976,5.3,11.1,.478,0.0,0.0,,5.3,11.1,.478,.478,1.8,2.4,.781,3.7,8.7,12.5,2.8,1.4,2.4,2.2,4.5,12.5,,aldrico01
281,Thabo Sefolosha,30,ATL,SF,52,7,976,3.8,9.2,.418,0.9,2.9,.321,2.9,6.3,.462,.468,1.7,2.1,.776,2.0,6.3,8.2,2.8,2.0,0.8,1.4,2.5,10.3,,sefolth01
282,CJ McCollum,23,POR,SG,62,3,973,5.9,13.5,.436,2.0,5.1,.396,3.8,8.4,.460,.511,1.9,2.7,.699,0.5,2.8,3.4,2.4,1.6,0.3,1.8,3.0,15.7,,mccolcj01
283,Alexis Ajinça,26,NOP,C,68,8,957,6.8,12.4,.550,0.0,0.0,,6.8,12.4,.550,.550,3.0,3.7,.818,3.9,7.9,11.8,1.8,0.8,1.9,2.6,5.7,16.7,,ajincal01
284,Kevin Garnett,38,2TM,PF,47,47,952,5.4,11.6,.467,0.0,0.3,.143,5.4,11.3,.475,.469,1.4,1.7,.800,1.8,9.9,11.8,2.9,1.7,0.6,1.7,4.1,12.2,,garneke01
284,Kevin Garnett,38,BRK,PF,42,42,854,5.3,11.6,.455,0.0,0.3,.167,5.2,11.3,.461,.456,1.4,1.7,.829,1.9,10.1,12.0,2.9,1.7,0.5,1.9,4.0,12.0,,garneke01
284,Kevin Garnett,38,MIN,PF,5,5,98,6.6,11.4,.581,0.0,0.4,.000,6.6,11.0,.600,.581,0.7,1.5,.500,0.7,8.8,9.6,2.9,1.8,1.5,0.4,4.8,14.0,,garneke01
285,Willie Green,33,ORL,SG,52,2,951,4.5,11.6,.386,1.6,4.6,.347,2.9,7.0,.411,.454,1.1,1.3,.824,0.5,2.5,3.0,2.6,1.0,0.2,1.8,3.1,11.6,,greenwi01
286,Isaiah Canaan,23,2TM,PG,47,21,938,5.6,14.5,.386,3.5,9.4,.370,2.1,5.1,.417,.507,1.9,2.3,.817,0.7,2.6,3.3,3.8,1.1,0.1,2.4,3.2,16.6,,canaais01
286,Isaiah Canaan,23,HOU,PG,25,9,369,5.2,12.8,.405,3.1,8.2,.381,2.0,4.6,.447,.527,1.6,2.0,.762,1.1,2.1,3.2,2.8,1.4,0.0,2.2,2.7,15.0,,canaais01
286,Isaiah Canaan,23,PHI,PG,22,12,569,5.9,15.6,.377,3.7,10.2,.364,2.2,5.4,.400,.496,2.1,2.5,.846,0.4,3.0,3.4,4.4,0.9,0.2,2.5,3.5,17.6,,canaais01
287,Lou Amundson,32,2TM,PF,53,35,937,4.2,9.8,.427,0.0,0.0,.000,4.2,9.8,.429,.427,1.6,3.3,.471,3.6,6.7,10.3,2.7,0.8,2.0,2.4,4.8,10.0,,amundlo01
287,Lou Amundson,32,CLE,PF,12,0,79,1.8,5.5,.333,0.0,0.0,,1.8,5.5,.333,.333,1.4,2.3,.600,2.3,6.8,9.1,2.3,0.5,0.0,2.3,5.0,5.0,,amundlo01
287,Lou Amundson,32,NYK,PF,41,35,858,4.4,10.2,.432,0.0,0.0,.000,4.4,10.2,.434,.432,1.6,3.4,.463,3.7,6.7,10.4,2.7,0.9,2.2,2.4,4.8,10.4,,amundlo01
288,Matt Bonner,34,SAS,PF,72,19,935,3.6,8.9,.409,1.8,4.9,.365,1.8,4.0,.462,.509,1.2,1.4,.811,1.1,3.3,4.4,1.8,0.4,0.5,0.4,2.5,10.2,,bonnema01
289,Elijah Millsap,27,UTA,SG,47,5,924,3.2,9.3,.340,1.1,3.5,.311,2.1,5.8,.358,.399,2.3,3.4,.674,1.1,4.8,5.8,2.3,2.2,0.6,2.6,4.8,9.7,,millsel01
290,Kevin Durant,26,OKC,SF,27,27,913,9.4,18.4,.510,2.5,6.3,.403,6.9,12.1,.565,.578,5.8,6.7,.854,0.6,6.4,7.0,4.3,0.9,1.0,2.9,1.6,27.0,AS,duranke01
291,Glen Davis,29,LAC,PF,74,0,904,4.7,10.2,.459,0.0,0.2,.000,4.7,10.0,.466,.459,2.4,3.8,.632,1.7,5.0,6.7,1.6,1.6,0.8,1.6,5.3,11.7,,davisgl01
292,David Lee,31,GSW,PF,49,4,904,6.4,12.5,.511,0.0,0.1,.000,6.4,12.4,.514,.511,2.7,4.1,.654,3.2,7.0,10.2,3.4,1.2,1.0,2.0,3.3,15.5,,leeda02
293,Alec Burks,23,UTA,SG,27,27,899,4.8,12.0,.403,1.0,2.7,.382,3.8,9.3,.409,.447,4.2,5.2,.822,0.8,3.8,4.6,3.3,0.7,0.2,2.1,2.6,15.0,,burksal01
294,Tony Wroten,21,PHI,PG,30,15,895,7.0,17.5,.403,1.5,5.7,.261,5.6,11.7,.473,.446,4.8,7.2,.667,0.9,2.6,3.5,6.3,1.9,0.3,4.5,2.9,20.4,,wroteto01
295,Anthony Bennett,21,MIN,PF,57,3,894,5.0,12.0,.421,0.3,0.9,.304,4.8,11.0,.431,.433,1.7,2.6,.641,2.1,6.6,8.7,1.9,1.1,0.6,1.4,3.5,12.0,,bennean01
296,Mirza Teletović,29,BRK,PF,40,4,892,4.9,12.9,.382,2.5,7.8,.321,2.4,5.1,.476,.480,1.3,1.9,.717,1.1,6.7,7.8,1.9,0.6,0.6,2.1,3.0,13.7,,teletmi01
297,Terrence Jones,23,HOU,PF,33,24,889,6.4,12.1,.528,0.5,1.5,.351,5.9,10.6,.553,.550,2.3,3.8,.606,3.2,5.8,8.9,1.5,0.7,2.4,1.5,3.2,15.6,,joneste01
298,Jason Maxiell,31,CHO,PF,61,0,878,3.3,7.9,.422,0.0,0.0,,3.3,7.9,.422,.422,1.7,2.9,.577,3.5,4.8,8.3,0.8,0.7,1.8,1.2,3.9,8.3,,maxieja01
299,Shabazz Muhammad,22,MIN,SG,38,13,866,8.1,16.5,.489,0.8,2.1,.392,7.2,14.4,.503,.514,4.3,6.0,.717,2.6,3.8,6.4,1.8,0.7,0.3,1.5,2.0,21.3,,muhamsh01
300,Drew Gooden,33,WAS,PF,51,7,864,4.6,11.5,.399,1.0,2.5,.390,3.6,9.0,.401,.440,1.4,1.8,.773,3.0,6.3,9.3,2.0,0.9,0.4,1.2,3.8,11.5,,goodedr01
301,Joey Dorsey,31,HOU,PF,69,17,854,3.4,6.1,.552,0.0,0.0,.000,3.4,6.1,.556,.552,1.0,3.5,.289,4.3,7.4,11.8,1.1,1.7,1.1,1.7,6.6,7.8,,dorsejo01
302,Meyers Leonard,22,POR,C,55,7,847,5.3,10.4,.510,2.0,4.8,.420,3.3,5.7,.586,.606,1.3,1.4,.938,2.0,8.7,10.6,1.4,0.4,0.6,1.7,4.8,13.9,,leoname01
303,Dewayne Dedmon,25,ORL,C,59,15,845,3.9,6.9,.562,0.0,0.0,.000,3.9,6.9,.565,.562,1.4,2.7,.531,5.0,7.5,12.6,0.4,0.7,2.1,2.2,6.0,9.2,,dedmode01
304,Nick Calathes,25,MEM,SG,58,0,838,4.5,10.6,.421,0.5,1.8,.256,4.0,8.8,.456,.443,1.0,1.9,.533,0.8,3.7,4.6,6.3,2.7,0.2,2.6,4.3,10.4,,calatni01
305,Shelvin Mack,24,ATL,PG,55,0,833,5.1,12.6,.401,1.7,5.5,.315,3.3,7.1,.467,.469,1.1,1.3,.806,0.3,3.1,3.4,6.7,1.3,0.1,2.1,1.4,12.9,,macksh01
306,Ish Smith,26,2TM,PG,55,14,832,6.2,15.9,.390,0.8,2.6,.300,5.4,13.3,.407,.414,1.5,2.5,.596,0.6,3.7,4.3,7.8,1.6,0.3,3.4,2.2,14.6,,smithis01
306,Ish Smith,26,OKC,PG,30,0,155,3.5,10.5,.333,0.2,1.2,.200,3.3,9.3,.350,.344,1.4,2.1,.667,1.2,5.1,6.3,6.5,0.9,0.2,2.1,2.8,8.6,,smithis01
306,Ish Smith,26,PHI,PG,25,14,677,6.8,17.1,.398,0.9,2.9,.309,5.9,14.2,.416,.424,1.5,2.6,.583,0.5,3.4,3.9,8.1,1.7,0.3,3.7,2.0,16.0,,smithis01
307,Luke Babbitt,25,NOP,SF,63,19,830,4.0,8.3,.479,2.6,5.0,.513,1.4,3.3,.429,.633,0.6,0.8,.684,0.5,4.3,4.8,1.0,0.7,0.5,1.1,2.7,11.1,,babbilu01
308,Chris Copeland,30,IND,SF,50,12,828,4.9,13.5,.361,2.3,7.3,.311,2.6,6.2,.420,.445,1.4,2.0,.733,1.0,3.8,4.8,2.2,0.5,0.5,2.6,3.4,13.4,,copelch01
309,Jon Leuer,25,MEM,PF,63,6,824,5.3,11.9,.443,0.3,1.3,.241,5.0,10.7,.467,.456,1.6,2.6,.627,2.2,6.9,9.0,2.0,0.7,0.4,1.5,3.8,12.5,,leuerjo01
310,Kyle O'Quinn,24,ORL,PF,51,17,824,5.2,10.6,.492,0.5,1.9,.279,4.7,8.7,.538,.517,1.9,2.5,.772,2.0,6.7,8.7,2.6,1.4,1.7,2.4,4.8,12.8,,oquinky01
311,Nikola Peković,29,MIN,C,31,29,815,6.1,14.5,.424,0.0,0.0,,6.1,14.5,.424,.424,4.8,5.7,.837,3.9,6.4,10.3,1.2,0.8,0.5,1.9,2.6,17.1,,pekovni01
312,Patty Mills,26,SAS,PG,51,0,801,5.8,15.1,.381,2.8,8.2,.341,3.0,6.9,.429,.473,1.5,1.8,.825,0.9,2.4,3.4,3.9,1.3,0.1,1.6,2.6,15.8,,millspa02
313,Thomas Robinson,23,2TM,PF,54,4,798,5.7,11.7,.485,0.0,0.1,.000,5.7,11.6,.488,.485,2.5,4.8,.528,4.3,9.4,13.7,1.5,1.4,0.9,2.7,4.7,13.9,,robinth01
313,Thomas Robinson,23,POR,PF,32,4,391,4.3,8.4,.516,0.0,0.0,,4.3,8.4,.516,.516,1.9,4.4,.438,3.0,9.2,12.2,0.8,1.5,1.0,3.0,5.0,10.6,,robinth01
313,Thomas Robinson,23,PHI,PF,22,0,407,7.0,14.9,.467,0.0,0.2,.000,7.0,14.8,.473,.467,3.1,5.1,.603,5.5,9.6,15.0,2.1,1.4,0.8,2.3,4.4,17.1,,robinth01
314,Aaron Gordon,19,ORL,PF,47,8,797,4.2,9.4,.447,0.6,2.2,.271,3.6,7.2,.500,.478,2.0,2.8,.721,2.1,5.6,7.6,1.5,0.9,1.0,1.7,3.7,11.0,,gordoaa01
315,Kostas Papanikolaou,24,HOU,SF,43,1,795,3.1,8.9,.350,1.4,4.8,.292,1.7,4.1,.418,.429,0.6,0.8,.722,1.8,3.6,5.3,3.8,1.3,0.6,2.5,3.2,8.2,,papanko01
316,Ben Gordon,31,ORL,SG,56,0,790,5.9,13.4,.437,1.6,4.4,.361,4.3,9.0,.475,.497,2.6,3.1,.836,0.3,2.6,2.9,2.3,0.6,0.0,2.5,2.7,15.9,,gordobe01
317,Andrea Bargnani,29,NYK,C,29,22,785,7.5,16.6,.454,0.7,1.9,.366,6.8,14.7,.466,.475,4.0,4.9,.813,1.5,4.4,5.8,2.1,0.1,1.2,1.9,2.4,19.7,,bargnan01
318,Markel Brown,23,BRK,SG,47,29,781,3.5,9.7,.362,0.8,3.0,.266,2.7,6.7,.404,.402,2.2,2.6,.825,0.7,4.2,4.9,1.8,1.4,0.6,1.2,2.6,10.0,,brownma02
319,Alexey Shved,26,3TM,SG,42,9,767,6.2,15.7,.397,2.2,6.5,.338,4.0,9.2,.439,.467,5.7,7.0,.807,1.1,3.6,4.6,5.0,1.4,0.3,2.3,2.3,20.4,,shvedal01
319,Alexey Shved,26,PHI,SG,17,0,285,6.6,16.4,.400,2.1,7.2,.298,4.4,9.2,.479,.465,6.1,7.2,.842,1.0,1.8,2.8,5.8,1.8,0.1,2.3,2.7,21.3,,shvedal01
319,Alexey Shved,26,HOU,SG,9,0,59,4.9,14.6,.333,2.4,7.3,.333,2.4,7.3,.333,.417,5.5,6.7,.818,0.6,1.8,2.4,1.8,0.6,0.0,3.1,1.2,17.7,,shvedal01
319,Alexey Shved,26,NYK,SG,16,9,423,6.2,15.4,.403,2.2,6.0,.371,4.0,9.4,.423,.475,5.4,7.0,.780,1.2,5.0,6.2,4.9,1.3,0.4,2.1,2.1,20.1,,shvedal01
320,Reggie Evans,34,SAC,PF,47,7,764,2.7,6.5,.423,0.0,0.1,.000,2.7,6.4,.430,.423,2.8,4.6,.619,4.6,9.5,14.1,1.5,1.0,0.2,2.1,4.3,8.3,,evansre01
321,Robbie Hummel,25,MIN,SF,45,4,742,3.8,8.3,.459,0.8,2.5,.314,3.1,5.9,.521,.506,1.2,1.4,.828,1.5,5.0,6.5,1.3,0.8,0.4,0.9,4.2,9.6,,hummero01
322,Adreian Payne,23,2TM,PF,32,22,739,4.4,10.7,.414,0.0,0.4,.111,4.4,10.3,.427,.416,1.5,2.2,.652,2.3,5.6,7.9,1.5,0.9,0.4,2.1,4.3,10.4,,paynead01
322,Adreian Payne,23,ATL,PF,3,0,19,3.8,13.3,.286,0.0,1.9,.000,3.8,11.4,.333,.286,1.9,3.8,.500,1.9,5.7,7.6,0.0,1.9,0.0,0.0,7.6,9.5,,paynead01
322,Adreian Payne,23,MIN,PF,29,22,720,4.4,10.6,.418,0.0,0.4,.125,4.4,10.2,.429,.420,1.4,2.2,.659,2.3,5.6,7.9,1.5,0.9,0.5,2.2,4.2,10.4,,paynead01
323,Jabari Parker,19,MIL,PF,25,25,738,6.3,12.8,.490,0.2,0.8,.250,6.1,12.0,.506,.498,2.2,3.2,.697,2.4,4.3,6.7,2.0,1.5,0.2,2.3,2.0,15.0,,parkeja01
324,Garrett Temple,28,WAS,SG,52,18,735,3.3,8.3,.400,1.6,4.3,.375,1.7,4.0,.427,.497,1.7,2.4,.729,1.2,3.2,4.4,2.7,2.1,0.4,1.7,3.7,10.0,,templga01
325,Marcus Thornton,27,2TM,SG,48,0,721,7.0,17.2,.406,2.7,7.1,.378,4.3,10.1,.426,.484,2.3,2.8,.821,1.1,3.1,4.3,1.8,1.3,0.3,1.3,1.9,19.0,,thornma01
325,Marcus Thornton,27,BOS,SG,39,0,640,7.1,17.2,.416,2.9,7.0,.419,4.2,10.2,.414,.502,2.4,2.9,.824,1.1,3.0,4.1,1.9,1.2,0.4,1.2,2.0,19.6,,thornma01
325,Marcus Thornton,27,PHO,SG,9,0,81,5.8,17.8,.325,0.9,8.4,.105,4.9,9.3,.524,.350,1.8,2.2,.800,1.8,4.0,5.8,0.9,2.7,0.0,2.2,1.3,14.2,,thornma01
326,Gary Harris,20,DEN,SG,55,6,719,3.3,10.9,.304,1.1,5.2,.204,2.3,5.7,.395,.353,1.8,2.4,.745,1.1,2.2,3.2,1.5,2.0,0.4,1.9,3.6,9.4,,harriga01
327,Justin Hamilton,24,2TM,C,41,14,712,4.3,9.0,.478,0.5,1.6,.323,3.8,7.4,.510,.506,2.0,2.4,.830,2.9,3.9,6.8,1.8,1.4,1.5,1.3,3.5,11.1,,hamilju01
327,Justin Hamilton,24,MIA,C,24,5,289,3.4,8.1,.415,0.7,2.4,.316,2.6,5.7,.457,.462,0.7,0.9,.857,3.0,3.0,6.0,1.5,1.0,0.6,1.0,4.1,8.2,,hamilju01
327,Justin Hamilton,24,MIN,C,17,9,423,4.9,9.6,.513,0.3,1.0,.333,4.6,8.6,.535,.531,2.8,3.4,.825,2.8,4.5,7.3,2.0,1.6,2.1,1.5,3.1,13.0,,hamilju01
328,Hedo Türkoğlu,35,LAC,SF,62,2,705,4.2,9.6,.441,3.1,7.1,.432,1.2,2.5,.469,.601,0.3,0.6,.545,0.3,4.8,5.1,1.9,1.0,0.4,1.5,3.4,11.8,,turkohe01
329,Mike Miller,34,CLE,SF,52,15,701,1.9,5.9,.325,1.6,5.0,.327,0.3,0.8,.313,.465,0.2,0.2,.750,0.2,4.5,4.7,2.4,0.7,0.2,1.2,3.8,5.6,,millemi01
330,Ricky Rubio,24,MIN,PG,22,22,692,4.1,11.4,.356,0.7,2.7,.255,3.4,8.7,.387,.386,3.0,3.7,.803,1.0,5.5,6.5,10.0,2.0,0.1,3.3,3.1,11.8,,rubiori01
331,P.J. Hairston,22,CHO,SG,45,2,687,4.6,14.1,.323,2.6,8.5,.301,2.0,5.6,.358,.414,1.6,1.9,.861,1.2,3.7,4.8,1.1,1.1,0.7,1.2,3.2,13.3,,hairspj02
332,Allen Crabbe,22,POR,SG,51,9,683,3.3,8.1,.412,1.6,4.5,.353,1.7,3.6,.485,.510,0.6,0.8,.750,0.4,3.5,3.8,2.1,1.0,0.8,0.8,3.9,8.9,,crabbal01
333,Luke Ridnour,33,ORL,PG,47,0,683,4.0,9.3,.426,1.1,3.3,.317,2.9,6.0,.487,.483,0.9,1.1,.857,0.4,3.2,3.6,5.1,1.1,0.2,2.0,3.5,9.9,,ridnolu01
334,Charlie Villanueva,30,DAL,PF,64,1,678,8.0,19.2,.414,4.4,11.7,.376,3.6,7.5,.475,.529,1.1,1.9,.571,1.6,6.3,7.9,1.0,0.8,1.2,1.5,3.4,21.4,,villach01
335,Maurice Harkless,21,ORL,SF,45,4,674,3.4,8.4,.399,0.5,3.0,.179,2.8,5.4,.520,.430,1.2,2.2,.537,2.0,3.6,5.7,1.3,1.7,0.5,1.4,3.5,8.4,,harklma01
336,Travis Wear,24,NYK,SF,51,1,672,4.5,11.2,.402,0.6,1.6,.367,3.9,9.6,.408,.428,1.1,1.4,.769,1.7,4.0,5.7,2.1,0.8,0.6,1.9,2.9,10.7,,weartr01
337,James Jones,34,CLE,SF,57,2,669,4.0,10.8,.368,3.4,9.4,.360,0.6,1.4,.423,.525,2.1,2.5,.848,0.5,2.9,3.3,1.3,0.7,0.4,0.7,3.6,13.5,,jonesja02
338,Alonzo Gee,27,2TM,SF,54,2,662,4.7,10.1,.468,0.7,1.9,.371,4.0,8.2,.490,.503,2.9,4.2,.701,2.0,3.1,5.1,1.4,1.9,0.4,1.8,3.2,13.1,,geeal01
338,Alonzo Gee,27,DEN,SF,39,0,511,4.6,9.7,.482,0.7,1.7,.417,3.9,8.0,.496,.518,3.4,4.6,.738,2.0,2.9,4.9,1.3,2.0,0.4,1.8,3.0,13.4,,geeal01
338,Alonzo Gee,27,POR,SF,15,2,151,5.0,11.7,.429,0.7,2.6,.273,4.3,9.1,.474,.459,1.4,2.9,.500,1.9,3.8,5.7,1.4,1.7,0.2,1.9,3.8,12.2,,geeal01
339,Justin Holiday,25,GSW,SG,59,4,657,5.0,12.9,.387,1.9,6.0,.321,3.1,6.9,.444,.462,2.0,2.5,.822,0.7,3.3,4.0,2.6,2.2,0.7,1.6,3.0,13.9,,holidju01
340,Cleanthony Early,23,NYK,SF,39,7,647,4.2,11.9,.355,1.2,4.7,.262,3.0,7.2,.415,.407,2.0,2.7,.750,1.2,4.2,5.4,2.0,1.3,0.7,2.2,3.2,11.7,,earlycl01
341,Anderson Varejão,32,CLE,C,26,26,636,6.3,11.3,.555,0.0,0.1,.000,6.3,11.2,.561,.555,1.9,2.5,.733,3.2,6.4,9.6,2.0,1.1,0.9,2.0,3.3,14.4,,varejan01
342,Jeremy Lamb,22,OKC,SG,47,8,633,5.9,14.2,.416,2.2,6.3,.342,3.8,7.9,.475,.492,2.8,3.1,.891,0.5,5.6,6.1,2.5,1.2,0.3,1.5,3.0,16.8,,lambje01
343,Perry Jones,23,OKC,SF,43,13,631,4.2,10.5,.397,0.8,3.4,.233,3.4,7.1,.476,.435,1.4,2.1,.649,0.3,4.0,4.3,1.0,1.0,0.5,1.4,2.9,10.5,,jonespe01
344,Henry Walker,27,MIA,SF,24,13,628,3.3,9.6,.345,2.6,7.6,.341,0.7,2.1,.361,.479,0.8,1.0,.778,0.4,4.3,4.7,1.7,1.4,0.5,1.4,4.4,10.0,,walkebi01
345,Joel Freeland,27,POR,C,48,8,617,4.3,8.8,.490,0.0,0.0,,4.3,8.8,.490,.490,1.2,1.5,.840,3.6,7.5,11.1,0.9,0.5,1.3,1.3,5.4,9.9,,freeljo01
346,T.J. Warren,21,PHO,SF,40,1,614,6.6,12.5,.528,0.3,1.2,.238,6.3,11.3,.560,.540,0.8,1.1,.737,2.4,2.6,5.0,1.5,1.1,0.5,1.6,3.0,14.4,,warretj01
347,Danny Granger,31,MIA,SF,30,6,613,3.8,9.5,.401,1.8,4.9,.357,2.1,4.6,.449,.494,1.6,2.2,.757,1.2,3.5,4.7,1.0,0.8,0.4,1.4,3.9,11.0,,grangda01
348,Tyler Johnson,22,MIA,SG,32,2,603,4.2,10.0,.419,1.1,2.9,.375,3.1,7.1,.437,.473,1.9,2.8,.681,0.8,4.0,4.8,2.5,2.0,0.5,1.8,2.5,11.3,,johnsty01
349,Phil Pressey,23,BOS,PG,50,0,600,3.8,10.4,.368,1.0,3.9,.246,2.9,6.5,.440,.414,2.0,2.9,.673,0.8,4.0,4.8,7.0,1.8,0.4,2.5,3.2,10.6,,pressph01
350,Dorell Wright,29,POR,SF,48,2,592,4.4,11.6,.379,2.5,6.6,.380,1.9,5.0,.378,.487,2.1,2.6,.810,0.9,5.9,6.8,2.5,1.2,0.7,1.1,3.3,13.3,,wrighdo01
351,Nate Robinson,30,2TM,PG,42,1,591,5.4,15.5,.345,1.9,6.8,.277,3.5,8.7,.399,.406,1.9,2.8,.674,1.0,2.0,3.0,5.9,1.2,0.2,1.8,4.6,14.5,,robinna01
351,Nate Robinson,30,DEN,PG,33,1,465,5.5,15.8,.348,1.9,7.1,.261,3.6,8.7,.420,.407,2.0,3.1,.650,1.1,1.9,3.0,6.0,1.1,0.2,1.7,5.3,14.9,,robinna01
351,Nate Robinson,30,LAC,PG,9,0,126,4.9,14.6,.333,2.0,5.7,.350,2.9,8.9,.323,.402,1.4,1.7,.833,0.9,2.3,3.1,5.7,1.7,0.0,2.3,2.3,13.1,,robinna01
352,Larry Sanders,26,MIL,C,27,26,586,5.3,10.6,.500,0.0,0.0,,5.3,10.6,.500,.500,1.5,2.9,.500,4.1,6.1,10.2,1.4,1.6,2.4,1.7,6.4,12.0,,sandela01
353,Jabari Brown,22,LAL,SG,19,5,568,4.4,10.8,.412,1.5,3.9,.371,3.0,6.8,.435,.479,4.1,5.4,.753,0.2,2.1,2.3,2.5,0.8,0.1,2.0,2.1,14.4,,brownja01
354,Sergey Karasev,21,BRK,SG,33,16,555,3.5,8.7,.403,1.0,3.5,.296,2.5,5.2,.475,.463,1.9,2.5,.763,1.4,2.9,4.3,3.0,1.5,0.1,1.6,2.9,9.9,,karasse01
355,Lorenzo Brown,24,MIN,PG,29,7,549,3.4,8.0,.426,0.4,1.8,.214,3.0,6.2,.489,.451,0.8,1.2,.632,0.9,3.7,4.6,5.9,1.8,0.4,2.0,3.2,8.0,,brownlo01
356,Samuel Dalembert,33,NYK,C,32,21,544,3.8,8.6,.438,0.0,0.0,,3.8,8.6,.438,.438,0.9,1.3,.700,3.5,7.6,11.1,1.9,0.9,2.7,2.6,4.6,8.5,,dalemsa01
357,Furkan Aldemir,23,PHI,PF,41,9,540,2.7,5.2,.513,0.0,0.3,.000,2.7,4.9,.548,.513,0.9,1.8,.481,5.2,6.5,11.7,1.9,1.1,1.1,1.1,6.4,6.2,,aldemfu01
358,Archie Goodwin,20,PHO,SG,41,2,535,5.3,13.5,.393,0.8,2.8,.293,4.5,10.8,.419,.423,4.1,5.6,.735,1.8,3.2,5.0,3.0,1.2,0.6,3.2,3.7,15.5,,goodwar01
359,Cory Jefferson,24,BRK,PF,50,1,531,5.1,11.3,.449,0.1,1.0,.133,4.9,10.3,.480,.455,2.1,3.7,.574,3.2,6.6,9.8,1.1,0.7,1.4,1.4,4.1,12.4,,jeffeco01
360,Jordan Farmar,28,LAC,PG,36,0,529,4.2,10.8,.386,2.4,6.6,.361,1.8,4.2,.426,.497,0.7,0.7,.909,0.5,2.3,2.9,4.6,1.4,0.3,2.2,3.5,11.4,,farmajo01
361,Chris Johnson,24,3TM,SF,29,2,526,4.2,10.5,.403,1.9,6.5,.295,2.3,4.0,.576,.494,1.0,1.1,.875,0.5,3.2,3.8,1.0,1.8,0.5,1.0,3.0,11.4,,johnsch04
361,Chris Johnson,24,PHI,SF,9,2,187,3.7,11.6,.317,1.9,7.5,.256,1.7,4.0,.429,.400,1.2,1.5,.750,0.6,4.4,5.0,0.6,1.7,1.0,1.7,3.7,10.4,,johnsch04
361,Chris Johnson,24,UTA,SF,12,0,211,5.3,10.9,.484,2.2,6.5,.342,3.1,4.4,.692,.586,1.0,1.0,1.000,0.5,2.6,3.1,1.2,2.0,0.0,1.0,3.1,13.8,,johnsch04
361,Chris Johnson,24,MIL,SF,8,0,128,3.4,8.4,.400,1.4,5.1,.278,2.0,3.4,.583,.483,0.6,0.6,1.000,0.6,2.5,3.1,1.4,1.4,0.6,0.0,2.0,8.7,,johnsch04
362,Jimmer Fredette,25,NOP,PG,50,0,509,4.5,11.7,.380,0.6,3.4,.188,3.8,8.3,.458,.407,3.0,3.2,.956,0.6,2.3,2.8,4.1,1.1,0.1,2.3,3.0,12.6,,fredeji01
363,Michael Beasley,26,MIA,PF,24,1,505,6.6,15.1,.434,0.6,2.4,.235,6.0,12.7,.472,.453,1.4,1.9,.769,0.9,5.5,6.3,2.3,1.1,0.9,2.6,4.7,15.1,,beaslmi01
364,E'Twaun Moore,25,CHI,SG,56,0,504,4.4,9.9,.446,0.9,2.7,.342,3.5,7.2,.485,.493,0.9,1.4,.600,0.9,2.4,3.3,2.4,1.4,0.4,1.0,3.2,10.6,,mooreet01
365,Festus Ezeli,25,GSW,C,46,7,504,5.4,9.9,.547,0.0,0.0,,5.4,9.9,.547,.547,3.5,5.6,.628,4.3,6.8,11.1,0.6,0.5,3.0,2.3,5.5,14.4,,ezelife01
366,Mike Muscala,23,ATL,PF,40,8,502,6.0,10.8,.550,0.6,1.6,.409,5.3,9.3,.574,.579,1.6,1.8,.880,3.7,4.8,8.5,1.8,1.1,1.4,1.5,3.7,14.1,,muscami01
367,Joe Harris,23,CLE,SG,51,1,493,3.5,8.8,.400,2.3,6.1,.369,1.2,2.6,.472,.529,0.7,1.1,.600,0.5,2.5,3.0,1.9,0.5,0.1,2.0,4.5,9.9,,harrijo01
368,Andrew Nicholson,25,ORL,PF,40,3,492,6.1,13.9,.437,1.0,3.0,.317,5.1,10.9,.470,.471,1.1,1.8,.600,1.2,4.8,6.0,1.6,0.4,0.9,1.8,3.7,14.2,,nichoan01
369,Elton Brand,35,ATL,C,36,4,486,3.1,7.0,.442,0.0,0.1,.000,3.1,7.0,.447,.442,0.9,1.7,.522,2.1,5.3,7.4,1.6,1.3,1.9,1.3,4.0,7.1,,brandel01
370,Mitch McGary,22,OKC,PF,32,2,485,6.5,12.2,.533,0.0,0.1,.000,6.5,12.1,.540,.533,1.9,3.0,.625,3.9,8.3,12.2,1.0,1.2,1.2,2.3,5.3,14.9,,mcgarmi01
371,Spencer Dinwiddie,21,DET,PG,34,1,455,4.0,13.4,.302,0.9,5.1,.185,3.1,8.2,.375,.337,2.5,2.7,.912,0.3,3.5,3.8,8.2,1.5,0.5,2.6,4.2,11.5,,dinwisp01
372,Ryan Hollins,30,SAC,C,46,9,441,4.3,6.7,.646,0.0,0.0,,4.3,6.7,.646,.646,2.5,4.4,.574,2.9,5.5,8.4,1.1,0.5,1.6,2.0,5.3,11.2,,holliry01
373,Jeff Taylor,25,CHO,SF,29,13,430,3.8,9.5,.395,0.9,3.0,.306,2.8,6.5,.436,.443,2.2,3.4,.634,1.2,3.3,4.4,1.8,1.0,0.1,1.6,3.0,10.6,,tayloje03
374,Brandon Davies,23,2TM,PF,27,6,423,4.7,11.7,.401,0.7,2.9,.235,4.0,8.8,.456,.431,2.0,3.1,.649,3.2,3.8,7.1,2.6,1.5,0.6,2.5,5.0,12.1,,daviebr01
374,Brandon Davies,23,PHI,PF,20,6,379,4.7,11.3,.412,0.7,2.8,.233,4.0,8.5,.472,.441,2.0,3.1,.636,3.3,3.6,6.9,2.7,1.6,0.4,2.4,5.1,12.0,,daviebr01
374,Brandon Davies,23,BRK,PF,7,0,44,4.9,14.7,.333,0.8,3.3,.250,4.1,11.5,.357,.361,2.5,3.3,.750,2.5,5.7,8.2,1.6,0.8,2.5,3.3,4.1,13.1,,daviebr01
375,Kendall Marshall,23,MIL,PG,28,3,417,4.0,8.7,.455,1.6,4.0,.391,2.4,4.7,.509,.545,0.7,0.8,.889,0.2,2.2,2.4,7.4,1.8,0.0,3.0,2.2,10.2,,marshke01
376,Jason Richardson,34,PHI,SG,19,15,416,5.4,15.4,.348,2.7,8.3,.323,2.7,7.1,.378,.435,1.5,1.9,.773,1.1,4.6,5.7,3.3,1.1,0.3,1.4,2.4,14.9,,richaja01
377,Tyler Ennis,20,2TM,PG,33,1,411,4.6,12.6,.361,1.1,3.8,.279,3.5,8.8,.396,.403,0.4,0.6,.714,0.6,2.5,3.1,6.4,1.6,0.4,3.7,3.2,10.6,,ennisty01
377,Tyler Ennis,20,PHO,PG,8,0,58,5.6,13.0,.429,1.2,3.7,.333,4.3,9.3,.467,.476,1.2,1.2,1.000,0.6,3.7,4.3,8.7,0.0,1.2,5.0,1.9,13.7,,ennisty01
377,Tyler Ennis,20,MIL,PG,25,1,353,4.4,12.5,.350,1.0,3.8,.270,3.4,8.8,.384,.390,0.3,0.5,.600,0.6,2.2,2.9,6.0,1.8,0.3,3.5,3.4,10.1,,ennisty01
378,Erick Green,23,DEN,PG,43,1,410,5.4,14.2,.377,1.2,4.1,.298,4.1,10.1,.409,.420,0.9,1.1,.833,0.6,2.1,2.7,3.4,1.1,0.0,1.2,2.3,12.8,,greener01
379,Joel Anthony,32,DET,C,49,0,406,3.2,5.5,.581,0.0,0.0,,3.2,5.5,.581,.581,1.3,2.0,.682,2.8,5.4,8.2,0.4,1.1,4.3,1.1,4.9,7.7,,anthojo01
380,Troy Daniels,23,3TM,SG,47,0,397,5.5,15.0,.370,3.9,10.7,.364,1.6,4.3,.383,.500,1.0,1.2,.846,0.7,2.3,3.0,2.0,0.5,0.1,1.8,3.6,16.0,,danietr01
380,Troy Daniels,23,HOU,SG,17,0,108,5.0,15.7,.319,4.3,14.3,.302,0.7,1.3,.500,.457,1.0,1.3,.750,0.0,2.0,2.0,1.3,0.0,0.0,1.7,4.7,15.3,,danietr01
380,Troy Daniels,23,MIN,SG,19,0,154,4.4,13.8,.322,3.0,9.1,.333,1.4,4.7,.300,.432,0.5,0.5,1.000,1.4,3.0,4.4,3.0,0.7,0.0,1.9,3.3,12.4,,danietr01
380,Troy Daniels,23,CHO,SG,11,0,135,7.2,15.7,.458,4.5,9.6,.472,2.7,6.1,.435,.602,1.6,1.9,.857,0.5,1.6,2.1,1.3,0.8,0.3,1.9,3.2,20.5,,danietr01
381,Jeff Ayres,27,SAS,PF,51,0,383,5.2,8.9,.579,0.0,0.0,,5.2,8.9,.579,.579,2.5,3.4,.750,3.5,7.5,11.0,1.3,0.8,0.8,2.4,5.6,12.9,,pendeje02
382,Jerome Jordan,28,BRK,C,44,0,383,4.7,8.8,.532,0.0,0.0,,4.7,8.8,.532,.532,3.6,4.1,.864,4.9,5.0,9.9,1.2,0.8,1.4,2.1,5.5,13.0,,jordaje01
383,Johnny O'Bryant,21,MIL,PF,34,15,368,4.3,11.7,.367,0.0,0.0,,4.3,11.7,.367,.367,1.2,2.6,.444,2.5,3.7,6.3,1.7,0.5,0.4,2.4,4.3,9.8,,obryajo01
384,Greg Smith,24,DAL,PF,42,2,363,3.0,4.9,.612,0.0,0.0,,3.0,4.9,.612,.612,2.0,3.9,.513,2.6,5.3,7.8,0.9,0.7,1.1,1.1,5.3,7.9,,smithgr02
385,Kyle Anderson,21,SAS,SF,33,8,358,3.1,8.9,.348,0.3,1.1,.273,2.8,7.8,.359,.365,0.9,1.4,.643,0.5,6.7,7.2,2.8,1.5,0.7,1.0,2.8,7.4,,anderky01
386,Martell Webster,28,WAS,SF,32,0,352,2.5,9.3,.264,1.0,4.4,.233,1.4,4.9,.292,.319,4.9,6.5,.750,1.0,3.7,4.7,1.7,0.7,0.1,2.3,2.5,10.8,,webstma02
387,Austin Daye,26,2TM,SF,34,4,344,5.2,14.8,.355,2.5,7.4,.338,2.7,7.3,.371,.440,0.5,0.6,.833,1.0,6.8,7.8,1.8,1.3,0.5,2.4,4.1,13.5,,dayeau01
387,Austin Daye,26,SAS,SF,26,4,268,5.4,15.4,.348,2.6,7.7,.333,2.8,7.8,.362,.430,0.5,0.5,1.000,0.8,7.4,8.2,1.2,1.1,0.4,2.4,4.0,13.8,,dayeau01
387,Austin Daye,26,ATL,SF,8,0,76,4.7,12.3,.385,2.4,6.6,.357,2.4,5.7,.417,.481,0.5,0.9,.500,1.9,4.7,6.6,3.8,1.9,0.9,2.4,4.3,12.3,,dayeau01
388,Reggie Bullock,23,2TM,SF,36,2,338,2.6,7.5,.343,1.6,4.9,.326,1.0,2.6,.375,.450,0.6,1.0,.667,0.1,5.2,5.3,0.9,1.1,0.4,0.9,2.0,7.3,,bullore01
388,Reggie Bullock,23,LAC,SF,25,2,263,3.1,7.4,.426,2.1,5.3,.385,1.1,2.1,.533,.565,0.5,0.7,.800,0.0,5.5,5.5,0.8,1.2,0.3,0.8,2.3,8.9,,bullore01
388,Reggie Bullock,23,PHO,SF,11,0,75,0.5,7.7,.063,0.0,3.4,.000,0.5,4.3,.111,.063,1.0,1.9,.500,0.5,4.3,4.8,1.0,0.5,1.0,1.0,1.0,1.9,,bullore01
389,James Young,19,BOS,SG,31,0,332,3.9,11.1,.353,1.8,7.2,.258,2.1,3.9,.528,.436,1.7,3.1,.552,1.0,3.6,4.6,1.4,0.9,0.2,0.5,2.4,11.4,,youngja01
390,Sebastian Telfair,29,OKC,PG,16,1,327,5.1,13.8,.368,2.0,6.6,.300,3.1,7.2,.431,.440,2.6,3.7,.706,0.2,3.1,3.3,5.0,1.1,0.0,2.0,3.2,14.8,,telfase01
391,A.J. Price,28,3TM,PG,26,0,324,5.7,15.2,.372,1.7,6.3,.263,4.0,8.9,.450,.427,1.8,2.7,.667,0.7,2.9,3.6,5.1,0.8,0.0,1.6,1.7,14.8,,priceaj01
391,A.J. Price,28,IND,PG,10,0,193,7.3,16.6,.438,2.8,7.3,.385,4.5,9.3,.480,.522,2.2,3.4,.667,0.4,2.2,2.6,5.0,0.7,0.0,1.9,1.7,19.6,,priceaj01
391,A.J. Price,28,CLE,PG,11,0,87,3.7,14.1,.265,0.0,4.6,.000,3.7,9.5,.391,.265,1.7,2.5,.667,1.7,4.6,6.2,5.4,1.2,0.0,1.2,0.4,9.1,,priceaj01
391,A.J. Price,28,PHO,PG,5,0,44,2.5,11.5,.214,0.0,5.7,.000,2.5,5.7,.429,.214,0.0,0.0,,0.0,2.5,2.5,4.9,0.0,0.0,0.8,4.1,4.9,,priceaj01
392,Doug McDermott,23,CHI,SF,36,0,321,4.8,12.0,.402,1.5,4.6,.317,3.4,7.4,.455,.463,1.1,1.7,.667,0.7,4.1,4.8,0.7,0.4,0.1,1.9,3.3,12.2,,mcderdo01
393,Darius Morris,24,BRK,PG,38,0,299,4.3,12.8,.340,0.8,4.0,.212,3.5,8.8,.397,.373,0.5,1.1,.444,0.8,2.4,3.3,5.8,1.1,0.0,2.5,2.4,10.0,,morrida01
394,John Jenkins,23,ATL,SG,24,3,297,5.9,12.0,.495,2.5,6.3,.404,3.4,5.7,.596,.601,1.9,2.3,.842,0.2,4.5,4.7,1.6,1.2,0.0,1.0,1.8,16.4,,jenkijo01
395,Josh McRoberts,27,MIA,PF,17,4,296,3.4,6.4,.528,1.0,2.3,.421,2.4,4.1,.588,.604,1.0,1.6,.615,0.9,4.6,5.5,4.0,1.5,0.4,2.7,5.0,8.8,,mcrobjo01
396,Gerald Wallace,32,BOS,SF,32,0,286,1.8,4.3,.412,0.1,0.4,.333,1.6,3.9,.419,.426,0.8,1.9,.400,2.1,5.0,7.2,1.4,1.9,0.5,2.3,2.4,4.4,,wallage01
397,Raymond Felton,30,DAL,PG,29,3,281,5.5,13.6,.406,1.3,4.4,.294,4.2,9.2,.458,.453,1.5,1.9,.800,0.3,3.1,3.3,5.3,1.4,0.5,2.3,2.2,13.8,,feltora01
398,John Lucas III,32,DET,PG,21,0,272,5.6,13.8,.404,1.2,3.8,.310,4.4,9.9,.440,.447,0.7,0.7,1.000,0.5,1.6,2.1,7.9,1.1,0.0,2.1,2.4,13.0,,lucasjo02
399,Brandon Rush,29,GSW,SG,33,0,271,1.5,7.2,.204,0.4,3.6,.111,1.1,3.6,.296,.231,0.7,1.5,.455,0.5,4.9,5.4,1.6,0.7,1.6,1.5,3.6,4.0,,rushbr01
400,John Salmons,35,NOP,SF,21,0,270,2.1,6.4,.333,1.1,3.5,.308,1.1,2.9,.364,.417,0.3,0.5,.500,0.5,2.3,2.8,1.7,1.2,0.5,0.7,3.3,5.6,,salmojo01
401,Joffrey Lauvergne,23,DEN,C,24,1,268,4.8,12.0,.404,0.4,2.1,.188,4.4,9.8,.452,.421,2.4,3.8,.643,3.6,6.7,10.3,1.7,1.1,1.3,3.0,5.8,12.5,,lauvejo01
402,Jeremy Evans,27,UTA,SF,38,0,266,4.3,7.8,.552,0.3,0.7,.400,4.1,7.2,.566,.569,3.2,3.9,.828,3.5,6.1,9.6,1.8,1.5,1.6,0.7,3.9,12.2,,evansje01
403,Nick Johnson,22,HOU,SG,28,0,262,3.6,10.3,.347,0.7,2.9,.238,2.9,7.4,.389,.380,2.3,3.4,.680,1.8,3.6,5.4,1.5,1.0,0.4,2.6,4.7,10.2,,johnsni01
404,Glenn Robinson III,21,2TM,SG,35,1,261,3.6,9.2,.388,0.7,2.6,.263,2.9,6.6,.438,.425,2.2,3.3,.667,2.1,3.3,5.4,1.5,0.8,0.1,1.5,2.1,10.1,,robingl02
404,Glenn Robinson III,21,MIN,SG,25,0,108,2.7,8.0,.333,0.3,2.0,.167,2.3,6.0,.389,.354,4.0,5.3,.750,1.3,3.3,4.7,1.0,1.0,0.0,1.0,1.7,9.7,,robingl02
404,Glenn Robinson III,21,PHI,SF,10,1,153,4.2,10.1,.419,0.9,3.1,.308,3.3,7.1,.467,.465,0.9,1.9,.500,2.6,3.3,5.9,1.9,0.7,0.2,1.9,2.4,10.4,,robingl02
405,Jeff Withey,24,NOP,C,37,0,259,4.4,8.9,.500,0.0,0.0,,4.4,8.9,.500,.500,4.7,6.9,.680,3.2,5.7,8.9,1.5,0.6,2.5,1.7,3.6,13.6,,witheje01
406,Noah Vonleh,19,CHO,PF,25,0,259,4.2,10.6,.395,0.7,1.8,.385,3.5,8.8,.397,.428,2.5,3.6,.692,3.9,8.1,12.0,0.6,0.6,1.3,1.5,2.8,11.5,,vonleno01
407,JaVale McGee,27,2TM,C,23,0,256,5.9,11.1,.532,0.0,0.0,,5.9,11.1,.532,.532,3.1,4.6,.667,2.5,6.0,8.6,0.4,0.3,2.8,2.5,4.2,14.9,,mcgeeja01
407,JaVale McGee,27,DEN,C,17,0,195,6.3,11.3,.557,0.0,0.0,,6.3,11.3,.557,.557,3.7,5.4,.690,2.6,6.3,8.9,0.2,0.4,3.5,2.4,5.2,16.2,,mcgeeja01
407,JaVale McGee,27,PHI,C,6,0,61,4.7,10.6,.444,0.0,0.0,,4.7,10.6,.444,.444,1.2,2.4,.500,2.4,5.3,7.7,1.2,0.0,0.6,3.0,1.2,10.6,,mcgeeja01
408,Chuck Hayes,31,TOR,C,29,0,255,3.1,6.5,.478,0.0,0.0,,3.1,6.5,.478,.478,0.8,1.6,.545,2.5,4.7,7.2,2.8,1.4,0.6,1.1,5.2,7.1,,hayesch01
409,Jordan Adams,20,MEM,SG,30,0,248,5.1,12.5,.407,1.5,3.6,.400,3.6,8.9,.410,.465,2.0,3.3,.609,1.3,2.8,4.1,2.3,2.3,1.0,2.0,3.5,13.6,,adamsjo01
410,Nate Wolters,23,2TM,PG,21,0,247,2.9,8.3,.351,0.0,1.0,.000,2.9,7.3,.400,.351,0.3,0.9,.333,1.2,3.8,5.0,3.1,1.2,0.3,1.9,2.6,6.1,,woltena01
410,Nate Wolters,23,MIL,PG,11,0,142,3.0,7.9,.387,0.0,1.3,.000,3.0,6.6,.462,.387,0.3,1.0,.250,0.5,3.5,4.1,2.5,1.3,0.0,0.8,2.8,6.3,,woltena01
410,Nate Wolters,23,NOP,PG,10,0,105,2.7,8.9,.308,0.0,0.7,.000,2.7,8.2,.333,.308,0.3,0.7,.500,2.1,4.1,6.2,3.8,1.0,0.7,3.4,2.4,5.8,,woltena01
411,Ricky Ledo,22,2TM,SG,17,0,244,4.7,14.2,.333,1.5,4.0,.370,3.2,10.2,.319,.385,2.4,3.2,.727,2.4,3.0,5.3,2.8,0.9,0.1,3.8,3.1,13.3,,ledori01
411,Ricky Ledo,22,DAL,SG,5,0,11,0.0,19.6,.000,0.0,9.8,.000,0.0,9.8,.000,.000,3.3,6.5,.500,3.3,3.3,6.5,3.3,0.0,0.0,6.5,3.3,3.3,,ledori01
411,Ricky Ledo,22,NYK,SG,12,0,233,4.9,13.9,.356,1.5,3.7,.417,3.4,10.2,.333,.411,2.3,3.1,.750,2.3,2.9,5.3,2.8,0.9,0.2,3.7,3.1,13.8,,ledori01
412,Tim Frazier,24,2TM,PG,11,3,239,3.2,9.2,.344,0.8,2.6,.294,2.4,6.6,.364,.385,1.5,3.2,.476,0.9,3.3,4.2,9.0,1.2,0.0,3.8,3.9,8.6,,fraziti01
412,Tim Frazier,24,PHI,PG,6,3,171,2.7,9.1,.302,0.6,2.3,.273,2.1,6.7,.313,.337,1.1,3.2,.333,0.8,3.2,4.0,9.1,1.3,0.0,3.8,3.4,7.2,,fraziti01
412,Tim Frazier,24,POR,PG,5,0,68,4.2,9.5,.444,1.1,3.2,.333,3.2,6.4,.500,.500,2.6,3.2,.833,1.1,3.7,4.8,9.0,1.1,0.0,3.7,5.3,12.2,,fraziti01
413,Dwight Powell,23,2TM,PF,29,0,236,4.7,10.2,.463,0.5,1.7,.273,4.3,8.5,.500,.485,3.8,5.0,.758,2.7,4.9,7.6,1.4,1.4,0.9,1.7,6.1,13.7,,poweldw01
413,Dwight Powell,23,BOS,PF,5,0,9,16.0,20.0,.800,0.0,0.0,,16.0,20.0,.800,.800,4.0,8.0,.500,0.0,4.0,4.0,0.0,8.0,0.0,8.0,4.0,36.0,,poweldw01
413,Dwight Powell,23,DAL,PF,24,0,227,4.3,9.8,.435,0.5,1.7,.273,3.8,8.1,.471,.460,3.8,4.9,.774,2.9,4.9,7.8,1.4,1.1,1.0,1.4,6.2,12.8,,poweldw01
414,Larry Drew II,24,PHI,PG,12,1,219,3.3,9.5,.345,0.7,4.3,.154,2.6,5.3,.500,.379,0.3,0.5,.667,0.2,2.3,2.5,7.4,1.0,0.0,4.1,2.1,7.6,,drewla02
415,Landry Fields,26,TOR,SF,26,9,216,3.3,6.8,.488,0.2,0.3,.500,3.2,6.5,.487,.500,0.8,1.0,.833,1.7,2.7,4.3,2.5,1.8,0.0,1.3,1.5,7.7,,fieldla01
416,Jeff Adrien,28,MIN,PF,17,0,215,3.2,7.4,.432,0.0,0.0,,3.2,7.4,.432,.432,3.7,6.4,.579,3.9,9.0,12.9,2.5,0.7,1.5,1.5,5.0,10.0,,adrieje01
417,Gigi Datome,27,2TM,SF,21,1,209,7.4,15.3,.483,3.1,6.9,.450,4.3,8.4,.510,.584,0.2,0.2,1.000,0.5,4.5,5.0,1.6,0.3,1.2,1.6,2.6,18.1,,datomlu01
417,Gigi Datome,27,DET,SF,3,0,17,10.6,25.4,.417,2.1,8.5,.250,8.5,16.9,.500,.458,0.0,0.0,,2.1,6.4,8.5,4.2,2.1,0.0,4.2,2.1,23.3,,datomlu01
417,Gigi Datome,27,BOS,SF,18,1,192,7.1,14.4,.494,3.2,6.8,.472,3.9,7.7,.512,.604,0.2,0.2,1.000,0.4,4.3,4.7,1.3,0.2,1.3,1.3,2.6,17.6,,datomlu01
418,Devyn Marble,22,ORL,SG,16,7,208,2.4,7.6,.318,0.7,3.8,.182,1.7,3.8,.455,.364,0.9,2.8,.313,0.9,4.5,5.4,2.9,1.6,0.3,1.6,2.4,6.4,,marblde01
419,Francisco García,33,HOU,SF,14,0,200,3.1,11.3,.270,1.8,8.1,.222,1.3,3.2,.389,.349,0.2,0.7,.250,0.5,2.5,3.1,2.7,1.6,0.9,1.8,3.6,8.1,,garcifr01
420,Cartier Martin,30,DET,SF,23,0,198,2.7,9.6,.283,1.1,6.0,.182,1.6,3.6,.450,.340,0.0,0.0,,0.0,3.6,3.6,2.0,0.5,0.2,0.9,3.6,6.5,,martica01
421,Steve Novak,31,2TM,PF,35,0,197,4.0,10.2,.393,3.5,8.8,.396,0.5,1.5,.375,.563,0.0,0.4,.000,0.4,3.7,4.0,2.0,0.0,0.4,0.9,4.2,11.5,,novakst01
421,Steve Novak,31,UTA,SF,22,0,109,5.3,11.6,.457,5.3,10.9,.485,0.0,0.7,.000,.686,0.0,0.7,.000,0.3,5.0,5.3,2.0,0.0,0.3,1.0,4.3,15.9,,novakst01
421,Steve Novak,31,OKC,PF,13,0,88,2.5,8.6,.286,1.2,6.1,.200,1.2,2.5,.500,.357,0.0,0.0,,0.4,2.0,2.5,2.0,0.0,0.4,0.8,4.1,6.1,,novakst01
422,Malcolm Thomas,26,PHI,PF,17,0,194,3.3,7.4,.450,0.0,1.3,.000,3.3,6.1,.545,.450,1.7,2.4,.692,3.0,7.4,10.4,1.3,0.6,0.2,2.4,3.2,8.4,,thomama01
423,Ian Clark,23,2TM,SG,30,0,192,3.6,10.3,.345,1.9,5.6,.333,1.7,4.7,.360,.436,1.7,1.7,1.000,0.7,2.3,3.0,2.3,1.7,0.6,1.7,3.7,10.7,,clarkia01
423,Ian Clark,23,UTA,SG,23,0,161,3.4,9.8,.341,2.0,5.6,.360,1.3,4.2,.316,.443,1.1,1.1,1.000,0.9,2.0,2.9,2.2,1.3,0.4,1.6,2.7,9.8,,clarkia01
423,Ian Clark,23,DEN,SG,7,0,31,4.6,12.8,.364,1.2,5.8,.200,3.5,7.0,.500,.409,4.6,4.6,1.000,0.0,3.5,3.5,2.3,3.5,1.2,2.3,9.3,15.1,,clarkia01
424,DeJuan Blair,25,WAS,PF,29,0,180,5.2,11.4,.456,0.0,0.0,,5.2,11.4,.456,.456,0.8,1.2,.667,3.2,8.0,11.2,0.6,1.4,0.2,2.6,8.2,11.2,,blairde01
425,Toney Douglas,28,NOP,SG,12,0,177,3.9,10.4,.373,1.0,3.7,.278,2.8,6.7,.424,.422,1.6,2.6,.615,0.4,4.1,4.5,4.9,2.2,0.8,2.0,4.1,10.4,,douglto01
426,Jorge Gutiérrez,26,2TM,PG,20,1,175,4.5,8.4,.537,0.0,0.6,.000,4.5,7.8,.579,.537,1.9,2.7,.692,1.0,4.1,5.1,4.5,1.2,0.0,2.5,5.1,10.9,,gutiejo01
426,Jorge Gutiérrez,26,BRK,PG,10,0,44,5.7,11.5,.500,0.0,0.8,.000,5.7,10.6,.538,.500,1.6,2.5,.667,0.0,5.7,5.7,5.7,0.8,0.0,2.5,7.4,13.1,,gutiejo01
426,Jorge Gutiérrez,26,MIL,PG,10,1,131,4.1,7.4,.556,0.0,0.5,.000,4.1,6.9,.600,.556,1.9,2.7,.700,1.4,3.6,4.9,4.1,1.4,0.0,2.5,4.4,10.2,,gutiejo01
427,JaMychal Green,24,2TM,PF,24,1,164,5.9,10.3,.574,0.0,1.3,.000,5.9,9.0,.659,.574,1.8,2.2,.800,4.2,5.7,9.9,0.9,1.1,1.1,3.1,5.5,13.6,,greenja01
427,JaMychal Green,24,SAS,PF,4,0,25,5.8,10.1,.571,0.0,2.9,.000,5.8,7.2,.800,.571,0.0,0.0,,4.3,4.3,8.6,0.0,0.0,2.9,2.9,8.6,11.5,,greenja01
427,JaMychal Green,24,MEM,PF,20,1,139,6.0,10.4,.575,0.0,1.0,.000,6.0,9.3,.639,.575,2.1,2.6,.800,4.1,6.0,10.1,1.0,1.3,0.8,3.1,4.9,14.0,,greenja01
428,Bryce Cotton,22,UTA,PG,15,0,159,6.6,15.6,.420,1.6,4.5,.350,5.0,11.1,.449,.471,3.4,4.1,.833,0.7,3.4,4.1,3.4,0.9,0.0,2.7,1.4,18.1,,cottobr01
429,Bernard James,29,DAL,C,16,2,158,2.7,6.2,.444,0.0,0.0,,2.7,6.2,.444,.444,4.6,5.2,.870,4.1,4.8,8.9,0.9,0.5,3.4,1.4,3.9,10.0,,jamesbe01
430,Earl Barron,33,PHO,C,16,1,143,3.0,9.8,.308,0.5,1.0,.500,2.5,8.8,.286,.333,1.5,3.0,.500,3.5,3.5,7.0,1.3,1.0,0.5,1.3,6.5,8.1,,barroea01
431,James Michael McAdoo,22,GSW,PF,15,0,137,6.3,11.6,.545,0.0,0.0,,6.3,11.6,.545,.545,3.7,6.6,.560,3.9,5.8,9.7,0.5,1.3,2.4,1.6,5.5,16.3,,mcadoja01
432,Ekpe Udoh,27,LAC,PF,33,0,128,3.1,6.8,.458,0.0,0.0,,3.1,6.8,.458,.458,2.0,2.5,.778,2.0,5.3,7.3,2.3,2.3,2.0,2.0,5.6,8.2,,udohek01
433,Nazr Mohammed,37,CHI,C,23,0,128,3.7,8.4,.433,0.0,0.0,,3.7,8.4,.433,.433,0.3,0.8,.333,3.1,7.6,10.7,0.8,1.1,1.4,2.0,4.5,7.6,,mohamna01
434,Jarnell Stokes,21,MEM,PF,19,2,126,6.0,10.6,.568,0.0,0.0,,6.0,10.6,.568,.568,4.3,8.0,.536,4.6,5.1,9.7,1.1,1.4,1.4,2.0,7.1,16.3,,stokeja01
435,Shavlik Randolph,31,2TM,PF,21,0,126,2.6,10.0,.257,0.0,1.4,.000,2.6,8.6,.300,.257,1.7,3.4,.500,4.6,6.3,10.9,1.1,1.4,0.9,0.9,4.6,6.9,,randosh01
435,Shavlik Randolph,31,PHO,PF,16,0,101,2.1,8.9,.240,0.0,1.4,.000,2.1,7.5,.286,.240,1.8,3.6,.500,4.3,5.0,9.3,1.1,1.4,0.7,0.7,4.6,6.1,,randosh01
435,Shavlik Randolph,31,BOS,PF,5,0,25,4.3,14.4,.300,0.0,1.4,.000,4.3,13.0,.333,.300,1.4,2.9,.500,5.8,11.5,17.3,1.4,1.4,1.4,1.4,4.3,10.1,,randosh01
436,Dahntay Jones,34,LAC,SF,33,0,123,1.8,6.1,.286,0.0,1.2,.000,1.8,5.0,.353,.286,2.6,3.2,.818,0.3,2.9,3.2,0.6,0.9,0.0,0.3,6.7,6.1,,jonesda02
437,Dwight Buycks,25,LAL,PG,6,0,123,5.3,11.7,.450,2.0,3.2,.636,3.2,8.5,.379,.538,2.6,2.9,.900,0.6,2.9,3.5,4.1,0.9,0.0,3.5,0.9,15.2,,buyckdw01
438,Jordan Hamilton,24,LAC,SF,14,2,122,4.1,10.3,.400,3.0,6.2,.476,1.2,4.1,.286,.543,0.0,0.0,,0.6,4.1,4.7,2.1,0.6,0.0,1.2,4.1,11.2,,hamiljo02
439,Brendan Haywood,35,CLE,C,22,1,119,4.2,9.1,.467,0.0,0.0,,4.2,9.1,.467,.467,2.1,3.9,.538,1.8,7.0,8.8,0.6,0.6,3.0,3.0,5.1,10.6,,haywobr01
440,Elliot Williams,25,2TM,SG,13,0,119,4.2,11.2,.378,2.4,5.4,.444,1.8,5.7,.316,.486,0.3,1.2,.250,0.0,2.4,2.4,3.6,1.2,0.0,1.2,3.6,11.2,,williel01
440,Elliot Williams,25,UTA,SG,5,0,42,5.1,11.1,.462,4.3,6.0,.714,0.9,5.1,.167,.654,0.9,1.7,.500,0.0,2.6,2.6,3.4,1.7,0.0,3.4,0.9,15.4,,williel01
440,Elliot Williams,25,NOP,SG,8,0,77,3.7,11.2,.333,1.4,5.1,.273,2.3,6.1,.385,.396,0.0,0.9,.000,0.0,2.3,2.3,3.7,0.9,0.0,0.0,5.1,8.9,,williel01
441,Quincy Miller,22,2TM,PF,10,0,119,2.7,11.5,.237,0.9,5.4,.167,1.8,6.1,.300,.276,2.4,3.3,.727,1.2,4.8,6.1,2.4,2.1,1.5,1.5,2.7,8.8,,millequ01
441,Quincy Miller,22,SAC,PF,6,0,61,2.4,10.6,.222,0.6,4.1,.143,1.8,6.5,.273,.250,4.7,6.5,.727,1.2,5.9,7.1,1.8,3.5,1.8,1.8,2.4,10.0,,millequ01
441,Quincy Miller,22,DET,PF,4,0,58,3.1,12.4,.250,1.2,6.8,.182,1.9,5.6,.333,.300,0.0,0.0,,1.2,3.7,5.0,3.1,0.6,1.2,1.2,3.1,7.4,,millequ01
442,Shayne Whittington,23,IND,PF,20,0,108,6.3,14.0,.452,0.3,2.0,.167,6.0,12.0,.500,.464,6.0,7.7,.783,3.3,6.3,9.7,2.0,1.7,0.7,1.7,6.0,19.0,,whittsh01
443,Reggie Williams,28,SAS,SF,20,0,105,5.1,13.4,.385,1.0,6.5,.158,4.1,6.9,.600,.423,1.4,1.4,1.000,1.7,4.1,5.8,3.4,0.3,0.0,0.7,4.1,12.7,,willire02
444,Kenyon Martin,37,MIL,PF,11,0,104,3.1,7.6,.409,0.0,0.0,,3.1,7.6,.409,.409,0.7,0.7,1.000,2.1,4.5,6.6,1.7,1.7,2.1,1.0,4.5,6.9,,martike01
445,Chris Douglas-Roberts,28,LAC,SG,12,0,103,1.7,7.3,.238,0.3,2.4,.143,1.4,4.9,.286,.262,2.8,2.8,1.000,0.3,3.8,4.2,1.4,0.3,0.0,0.0,4.9,6.6,,douglch01
446,C.J. Wilcox,24,LAC,SG,21,0,101,5.7,13.5,.421,2.5,6.8,.368,3.2,6.8,.474,.513,0.7,0.7,1.000,0.4,2.1,2.5,2.9,1.1,0.4,3.6,2.5,14.6,,wilcocj01
447,Earl Clark,27,BRK,PF,10,0,93,4.3,11.6,.367,1.5,5.4,.286,2.7,6.2,.438,.433,0.4,1.5,.250,0.4,8.5,8.9,1.2,1.2,1.5,2.3,4.6,10.5,,clarkea01
448,Paul George,24,IND,SF,6,0,91,7.1,19.4,.367,3.6,8.7,.409,3.6,10.7,.333,.459,3.2,4.4,.727,1.6,7.1,8.7,2.4,2.0,0.4,4.7,4.4,21.0,,georgpa01
449,Clint Capela,20,HOU,C,12,0,90,5.6,11.6,.483,0.0,0.0,,5.6,11.6,.483,.483,1.6,9.2,.174,4.0,10.4,14.4,0.8,0.4,3.6,2.0,5.6,12.8,,capelca01
450,Jared Cunningham,23,LAC,SG,19,0,89,4.9,13.3,.364,1.6,5.3,.308,3.2,8.1,.400,.424,2.8,5.3,.538,0.4,3.2,3.6,4.0,1.2,0.0,2.8,4.9,14.2,,cunnija01
451,Shannon Brown,29,MIA,SG,5,2,89,2.8,7.7,.368,1.2,2.8,.429,1.6,4.9,.333,.447,1.2,1.6,.750,0.0,0.4,0.4,1.2,1.6,0.0,1.6,3.2,8.1,,brownsh01
452,Jack Cooley,23,UTA,C,16,0,87,3.7,9.1,.409,0.0,0.0,,3.7,9.1,.409,.409,3.7,8.7,.429,4.1,6.2,10.3,0.4,2.5,1.2,1.2,9.5,11.2,,cooleja01
453,Xavier Henry,23,LAL,SF,9,0,86,1.3,5.4,.231,0.0,0.0,,1.3,5.4,.231,.231,5.9,10.0,.583,0.8,0.8,1.7,1.3,1.3,0.0,1.3,2.5,8.4,,henryxa01
454,Victor Claver,26,POR,SF,10,0,76,4.3,9.5,.450,2.8,5.2,.545,1.4,4.3,.333,.600,0.0,0.0,,1.4,8.1,9.5,0.5,0.5,0.5,1.9,5.7,11.4,,clavevi01
455,Zoran Dragić,25,2TM,SG,16,1,75,5.3,14.4,.367,1.4,6.7,.214,3.8,7.7,.500,.417,1.4,2.4,.600,2.4,1.4,3.8,2.4,1.0,0.0,2.4,2.9,13.4,,dragizo01
455,Zoran Dragić,25,PHO,SG,6,0,13,5.5,22.2,.250,0.0,13.8,.000,5.5,8.3,.667,.250,5.5,8.3,.667,5.5,2.8,8.3,2.8,0.0,0.0,0.0,2.8,16.6,,dragizo01
455,Zoran Dragić,25,MIA,SG,10,1,62,5.2,12.8,.409,1.7,5.2,.333,3.5,7.5,.462,.477,0.6,1.2,.500,1.7,1.2,2.9,2.3,1.2,0.0,2.9,2.9,12.8,,dragizo01
456,Vander Blue,22,LAL,SG,2,1,74,4.4,14.6,.300,1.0,4.9,.200,3.4,9.7,.350,.333,1.0,2.4,.400,1.0,3.4,4.4,3.9,1.5,0.0,2.9,1.9,10.7,,blueva01
457,Jannero Pargo,35,CHO,PG,9,0,73,7.4,17.3,.429,4.4,10.8,.409,3.0,6.4,.462,.557,1.0,1.0,1.000,0.0,1.5,1.5,3.9,0.0,0.0,1.5,3.9,20.2,,pargoja01
458,Ognjen Kuzmić,24,GSW,C,16,0,72,4.0,6.0,.667,0.0,0.0,,4.0,6.0,.667,.667,2.0,2.0,1.000,3.5,5.0,8.5,3.0,1.0,0.5,2.5,6.5,10.0,,kuzmiog01
459,Sean Kilpatrick,25,MIN,SG,4,0,72,3.5,10.0,.350,2.0,6.5,.308,1.5,3.5,.429,.450,2.0,2.0,1.000,0.5,2.5,3.0,2.0,1.5,0.0,1.0,1.5,11.0,,kilpase01
460,Drew Gordon,24,PHI,PF,9,0,71,4.1,9.6,.421,0.0,1.5,.000,4.1,8.1,.500,.421,0.5,1.0,.500,3.5,5.6,9.1,1.0,0.5,0.0,4.1,3.5,8.6,,gordodr01
461,Will Cherry,23,CLE,PG,8,0,69,2.6,9.9,.263,1.0,4.7,.222,1.6,5.2,.300,.316,1.6,3.1,.500,0.5,2.1,2.6,4.2,3.1,0.5,2.1,5.2,7.8,,cherrwi01
462,Arinze Onuaku,27,MIN,C,6,1,68,6.4,7.4,.857,0.0,0.0,,6.4,7.4,.857,.857,1.6,4.2,.375,3.7,7.4,11.1,2.1,0.5,1.6,1.1,3.2,14.3,,onuakar01
463,Will Bynum,32,WAS,SG,7,0,67,5.4,16.7,.323,0.0,4.8,.000,5.4,11.8,.455,.323,1.1,2.1,.500,1.1,2.1,3.2,9.7,0.5,0.5,4.3,4.8,11.8,,bynumwi01
464,Greg Stiemsma,29,TOR,C,17,0,66,3.3,4.4,.750,0.0,0.0,,3.3,4.4,.750,.750,1.1,2.2,.500,4.9,3.3,8.2,1.6,1.1,0.0,3.8,8.2,7.6,,stiemgr01
465,Russ Smith,23,2TM,PG,12,0,65,4.4,13.8,.320,1.1,6.1,.182,3.3,7.8,.429,.360,6.6,7.2,.923,0.6,2.8,3.3,4.4,1.7,0.0,6.6,7.2,16.6,,smithru01
465,Russ Smith,23,NOP,PG,6,0,29,2.5,12.4,.200,1.2,7.4,.167,1.2,5.0,.250,.250,0.0,0.0,,0.0,3.7,3.7,2.5,0.0,0.0,8.7,7.4,6.2,,smithru01
465,Russ Smith,23,MEM,PG,6,0,36,6.0,15.0,.400,1.0,5.0,.200,5.0,10.0,.500,.433,12.0,13.0,.923,1.0,2.0,3.0,6.0,3.0,0.0,5.0,7.0,25.0,,smithru01
466,Cameron Bairstow,24,CHI,PF,18,1,64,1.7,7.9,.214,0.0,0.0,,1.7,7.9,.214,.214,2.3,2.8,.800,3.4,1.1,4.5,0.6,1.1,0.6,1.7,4.5,5.6,,bairsca01
467,Lester Hudson,30,LAC,SG,5,0,56,3.9,9.0,.429,1.9,3.9,.500,1.9,5.1,.375,.536,1.9,2.6,.750,0.6,4.5,5.1,3.2,3.9,0.6,1.9,2.6,11.6,,hudsole01
468,Grant Jerrett,21,2TM,PF,8,0,51,4.9,18.4,.269,0.7,10.6,.067,4.2,7.8,.545,.288,0.7,0.7,1.000,1.4,4.9,6.4,2.1,1.4,1.4,2.1,7.8,11.3,,jerregr01
468,Grant Jerrett,21,OKC,PF,5,0,25,4.3,24.5,.176,1.4,18.7,.077,2.9,5.8,.500,.206,0.0,0.0,,1.4,4.3,5.8,1.4,0.0,2.9,2.9,10.1,10.1,,jerregr01
468,Grant Jerrett,21,UTA,PF,3,0,26,5.5,12.5,.444,0.0,2.8,.000,5.5,9.7,.571,.444,1.4,1.4,1.000,1.4,5.5,6.9,2.8,2.8,0.0,1.4,5.5,12.5,,jerregr01
469,Darius Miller,24,NOP,SF,5,1,43,0.8,5.9,.143,0.0,0.8,.000,0.8,5.0,.167,.143,0.0,0.0,,0.0,0.8,0.8,1.7,0.8,0.0,0.8,6.7,1.7,,milleda01
470,Glen Rice Jr.,24,WAS,SG,5,0,43,2.5,12.6,.200,0.8,5.9,.143,1.7,6.7,.250,.233,3.3,5.0,.667,1.7,1.7,3.3,1.7,0.0,0.0,1.7,9.2,9.2,,ricegl02
471,Gal Mekel,26,NOP,PG,4,0,43,2.5,16.7,.150,0.0,2.5,.000,2.5,14.2,.176,.150,0.0,0.0,,0.0,0.8,0.8,10.9,1.7,0.0,1.7,0.8,5.0,,mekelga01
472,Andrei Kirilenko,33,BRK,SF,7,0,36,0.0,5.0,.000,0.0,0.0,,0.0,5.0,.000,.000,3.0,4.0,.750,2.0,6.0,8.0,1.0,1.0,0.0,1.0,1.0,3.0,,kirilan01
473,Jerel McNeal,27,PHO,PG,6,0,36,3.0,11.0,.273,1.0,2.0,.500,2.0,9.0,.222,.318,2.0,2.0,1.000,0.0,3.0,3.0,2.0,3.0,1.0,5.0,5.0,9.0,,mcneaje01
474,David Stockton,23,SAC,PG,3,0,33,2.2,6.5,.333,1.1,2.2,.500,1.1,4.4,.250,.417,3.3,6.5,.500,0.0,2.2,2.2,9.8,2.2,0.0,4.4,1.1,8.7,,stockda01
475,Patrick Christopher,26,UTA,SG,4,1,29,3.7,14.9,.250,0.0,5.0,.000,3.7,9.9,.375,.250,0.0,0.0,,2.5,5.0,7.4,0.0,1.2,0.0,1.2,7.4,7.4,,chrispa01
476,Bruno Caboclo,19,TOR,SF,8,0,23,6.3,18.8,.333,3.1,4.7,.667,3.1,14.1,.222,.417,0.0,0.0,,1.6,1.6,3.1,0.0,0.0,1.6,6.3,4.7,15.7,,cabocbr01
477,Lucas Nogueira,22,TOR,C,6,0,23,3.1,12.5,.250,0.0,0.0,,3.1,12.5,.250,.250,3.1,6.3,.500,3.1,14.1,17.2,1.6,3.1,0.0,3.1,9.4,9.4,,noguelu01
478,Miroslav Raduljica,27,MIN,C,5,0,23,4.7,12.5,.375,0.0,0.0,,4.7,12.5,.375,.375,3.1,3.1,1.000,3.1,4.7,7.8,0.0,1.6,0.0,3.1,12.5,12.5,,radulmi01
479,Andre Dawkins,23,MIA,SG,4,0,22,1.6,9.8,.167,1.6,9.8,.167,0.0,0.0,,.250,0.0,0.0,,0.0,3.3,3.3,1.6,0.0,0.0,1.6,4.9,4.9,,dawkian01
480,Ronny Turiaf,32,MIN,C,2,0,19,0.0,0.0,,0.0,0.0,,0.0,0.0,,,0.0,0.0,,0.0,1.9,1.9,3.8,0.0,0.0,0.0,0.0,0.0,,turiaro01
481,Toure' Murry,25,2TM,PG,5,0,18,4.0,10.0,.400,0.0,0.0,,4.0,10.0,.400,.400,4.0,4.0,1.000,2.0,0.0,2.0,2.0,2.0,0.0,8.0,4.0,12.0,,murryto01
481,Toure' Murry,25,UTA,PG,1,0,1,0.0,36.0,.000,0.0,0.0,,0.0,36.0,.000,.000,0.0,0.0,,0.0,0.0,0.0,0.0,0.0,0.0,0.0,0.0,0.0,,murryto01
481,Toure' Murry,25,WAS,SG,4,0,17,4.2,8.5,.500,0.0,0.0,,4.2,8.5,.500,.500,4.2,4.2,1.000,2.1,0.0,2.1,2.1,2.1,0.0,8.5,4.2,12.7,,murryto01
482,Alex Kirk,23,CLE,C,5,0,14,2.6,10.3,.250,0.0,0.0,,2.6,10.3,.250,.250,5.1,5.1,1.000,2.6,0.0,2.6,2.6,0.0,0.0,0.0,2.6,10.3,,kirkal01
483,Julius Randle,20,LAL,PF,1,0,14,2.6,7.7,.333,0.0,0.0,,2.6,7.7,.333,.333,0.0,5.1,.000,0.0,0.0,0.0,0.0,0.0,0.0,2.6,2.6,5.1,,randlju01
484,Jamaal Franklin,23,DEN,SG,3,0,13,2.8,5.5,.500,2.8,5.5,.500,0.0,0.0,,.750,0.0,0.0,,2.8,2.8,5.5,8.3,0.0,2.8,8.3,11.1,8.3,,frankja01
485,Seth Curry,24,PHO,PG,2,0,8,0.0,13.5,.000,0.0,4.5,.000,0.0,9.0,.000,.000,0.0,0.0,,0.0,9.0,9.0,4.5,0.0,0.0,0.0,9.0,0.0,,curryse01
486,Tyrus Thomas,28,MEM,PF,2,0,7,5.1,5.1,1.000,0.0,0.0,,5.1,5.1,1.000,1.000,10.3,10.3,1.000,0.0,0.0,0.0,5.1,0.0,0.0,0.0,0.0,20.6,,thomaty01
487,David Wear,24,SAC,PF,2,0,7,0.0,10.3,.000,0.0,5.1,.000,0.0,5.1,.000,.000,0.0,0.0,,10.3,0.0,10.3,5.1,0.0,0.0,0.0,5.1,0.0,,wearda01
488,Kalin Lucas,25,MEM,PG,1,0,6,0.0,6.0,.000,0.0,0.0,,0.0,6.0,.000,.000,0.0,0.0,,0.0,0.0,0.0,0.0,6.0,0.0,0.0,6.0,0.0,,lucaska01
489,Sim Bhullar,22,SAC,C,3,0,3,12.0,24.0,.500,0.0,0.0,,12.0,24.0,.500,.500,0.0,0.0,,0.0,12.0,12.0,12.0,0.0,12.0,0.0,0.0,24.0,,bhullsi01
490,Jerrelle Benimon,23,UTA,PF,2,0,3,0.0,0.0,,0.0,0.0,,0.0,0.0,,,0.0,0.0,,12.0,24.0,36.0,0.0,0.0,0.0,12.0,0.0,0.0,,benimje01
491,Eric Moreland,23,SAC,PF,3,0,2,18.0,18.0,1.000,0.0,0.0,,18.0,18.0,1.000,1.000,0.0,0.0,,0.0,18.0,18.0,0.0,0.0,0.0,0.0,18.0,36.0,,moreler01
492,Malcolm Lee,24,PHI,SG,1,0,2,0.0,18.0,.000,0.0,0.0,,0.0,18.0,.000,.000,0.0,0.0,,0.0,0.0,0.0,0.0,0.0,0.0,0.0,0.0,0.0,,leema01